group,date,net,long,short
Non Reportable,2024-10-08,102712,379442,276730
Non Reportable,2024-10-01,97614,371525,273911
Non Reportable,2024-09-24,113740,370771,257031
Non Reportable,2024-09-17,96916,399285,302369
Non Reportable,2024-09-10,83431,382968,299537
Non Reportable,2024-09-03,112376,402655,290279
Non Reportable,2024-08-27,132582,397257,264675
Non Reportable,2024-08-20,103544,384089,280545
Non Reportable,2024-08-13,80186,374651,294465
Non Reportable,2024-08-06,107290,400608,293318
Non Reportable,2024-07-30,145269,419356,274087
Non Reportable,2024-07-23,129874,402832,272958
Non Reportable,2024-07-09,109379,383778,274399
Non Reportable,2024-06-25,118337,381332,262995
Non Reportable,2024-06-18,106970,429530,322560
Non Reportable,2024-06-11,128919,421221,292302
Non Reportable,2024-06-04,123805,414516,290711
Non Reportable,2024-05-28,116952,412443,295491
Non Reportable,2024-05-21,127250,411259,284009
Non Reportable,2024-05-14,105386,400974,295588
Non Reportable,2024-05-07,106480,406411,299931
Non Reportable,2024-04-30,114574,409671,295097
Non Reportable,2024-04-23,129451,413546,284095
Non Reportable,2024-04-16,118660,422812,304152
Non Reportable,2024-04-09,108951,411659,302708
Non Reportable,2024-04-02,105409,404674,299265
Non Reportable,2024-03-26,103840,399739,295899
Non Reportable,2024-03-19,86992,382432,295440
Non Reportable,2024-03-12,96618,424309,327691
Non Reportable,2024-03-05,93145,397368,304223
Non Reportable,2024-02-27,91466,390704,299238
Non Reportable,2024-02-20,74429,393465,319036
Non Reportable,2024-02-13,66165,392308,326143
Non Reportable,2024-02-06,78462,382937,304475
Non Reportable,2024-01-30,94213,397115,302902
Non Reportable,2024-01-23,84064,387856,303792
Non Reportable,2024-01-16,66119,385145,319026
Non Reportable,2024-01-09,108624,401428,292804
Non Reportable,2024-01-02,95830,391835,296005
Non Reportable,2023-12-26,77053,384014,306961
Non Reportable,2023-12-19,72518,390272,317754
Non Reportable,2023-12-12,42284,443766,401482
Non Reportable,2023-12-05,44890,393155,348265
Non Reportable,2023-11-28,38684,385752,347068
Non Reportable,2023-11-21,46306,394176,347870
Non Reportable,2023-11-14,27932,383288,355356
Non Reportable,2023-11-07,-4259,367537,371796
Non Reportable,2023-10-31,18827,378612,359785
Non Reportable,2023-10-24,17003,368650,351647
Non Reportable,2023-10-17,-28,356036,356064
Non Reportable,2023-10-10,9155,356688,347533
Non Reportable,2023-10-03,17992,386415,368423
Non Reportable,2023-09-26,16911,384164,367253
Non Reportable,2023-09-19,720,352830,352110
Non Reportable,2023-09-12,18250,412909,394659
Non Reportable,2023-09-05,-294,372265,372559
Non Reportable,2023-08-29,477,377918,377441
Non Reportable,2023-08-22,24390,395107,370717
Non Reportable,2023-08-15,9142,387843,378701
Non Reportable,2023-08-08,917,382702,381785
Non Reportable,2023-08-01,3030,378965,375935
Non Reportable,2023-07-25,10024,385869,375845
Non Reportable,2023-07-18,10761,388572,377811
Non Reportable,2023-07-11,-9094,365016,374110
Non Reportable,2023-07-03,-8757,366842,375599
Non Reportable,2023-06-27,-13232,348514,361746
Non Reportable,2023-06-20,-30401,355168,385569
Non Reportable,2023-06-13,-4918,461873,466791
Non Reportable,2023-06-06,-30400,376643,407043
Non Reportable,2023-05-30,-35690,366840,402530
Non Reportable,2023-05-23,-49092,361217,410309
Non Reportable,2023-05-16,-64994,350054,415048
Non Reportable,2023-05-09,-55933,348353,404286
Non Reportable,2023-05-02,-56485,350367,406852
Non Reportable,2023-04-25,-52215,347527,399742
Non Reportable,2023-04-18,-45170,343381,388551
Non Reportable,2023-04-11,-58007,331390,389397
Non Reportable,2023-04-04,22202,420948,398746
Non Reportable,2023-03-28,-66367,311294,377661
Non Reportable,2023-03-21,-88121,305580,393701
Non Reportable,2023-03-14,-105306,456624,561930
Non Reportable,2023-03-07,-55680,341502,397182
Non Reportable,2023-02-28,-33100,354351,387451
Non Reportable,2023-02-21,-35743,366935,402678
Non Reportable,2023-02-14,-35979,365880,401859
Non Reportable,2023-02-07,-19896,354887,374783
Non Reportable,2023-01-31,-36531,347335,383866
Non Reportable,2023-01-24,-11740,347124,358864
Non Reportable,2023-01-17,-17789,334201,351990
Non Reportable,2023-01-10,619,337695,337076
Non Reportable,2023-01-03,-10934,333726,344660
Non Reportable,2022-12-27,-14510,326717,341227
Non Reportable,2022-12-20,-7846,336185,344031
Non Reportable,2022-12-13,11090,388608,377518
Non Reportable,2022-12-06,-1461,357281,358742
Non Reportable,2022-11-29,-11063,347534,358597
Non Reportable,2022-11-22,-10161,347693,357854
Non Reportable,2022-11-15,-7936,349653,357589
Non Reportable,2022-11-08,-33091,334635,367726
Non Reportable,2022-11-01,-34402,332842,367244
Non Reportable,2022-10-25,-41354,335056,376410
Non Reportable,2022-10-18,-42708,339819,382527
Non Reportable,2022-10-11,-49489,342530,392019
Non Reportable,2022-10-04,-57398,347561,404959
Non Reportable,2022-09-27,-109348,301117,410465
Non Reportable,2022-09-20,-126124,284044,410168
Non Reportable,2022-09-13,-138558,404151,542709
Non Reportable,2022-09-06,-96708,343432,440140
Non Reportable,2022-08-30,-107669,338689,446358
Non Reportable,2022-08-23,-97813,338337,436150
Non Reportable,2022-08-16,-102308,333354,435662
Non Reportable,2022-08-09,-100029,317149,417178
Non Reportable,2022-08-02,-89821,316983,406804
Non Reportable,2022-07-26,-68976,319398,388374
Non Reportable,2022-07-19,-75298,323840,399138
Non Reportable,2022-07-12,-50654,329656,380310
Non Reportable,2022-07-05,-49837,329480,379317
Non Reportable,2022-06-28,-35968,329220,365188
Non Reportable,2022-06-21,-29457,336224,365681
Non Reportable,2022-06-14,-1759,424967,426726
Non Reportable,2022-06-07,-60302,336637,396939
Non Reportable,2022-05-31,-44547,340469,385016
Non Reportable,2022-05-24,-18452,362629,381081
Non Reportable,2022-05-17,-23764,348106,371870
Non Reportable,2022-05-10,-6923,374912,381835
Non Reportable,2022-05-03,-622,360227,360849
Non Reportable,2022-04-26,-3961,375868,379829
Non Reportable,2022-04-19,-26283,341955,368238
Non Reportable,2022-04-12,-18085,341915,360000
Non Reportable,2022-04-05,-15575,344054,359629
Non Reportable,2022-03-29,-43256,328426,371682
Non Reportable,2022-03-22,-31764,330318,362082
Non Reportable,2022-03-15,-14503,371322,385825
Non Reportable,2022-03-08,-23429,355572,379001
Non Reportable,2022-03-01,-33372,353775,387147
Non Reportable,2022-02-22,-5913,368580,374493
Non Reportable,2022-02-15,-8267,357194,365461
Non Reportable,2022-02-08,13696,370064,356368
Non Reportable,2022-02-01,37889,389630,351741
Non Reportable,2022-01-25,91762,430646,338884
Non Reportable,2022-01-18,76551,416120,339569
Non Reportable,2022-01-11,68023,393006,324983
Non Reportable,2022-01-04,60629,377630,317001
Non Reportable,2021-12-28,48219,364277,316058
Non Reportable,2021-12-21,54915,372682,317767
Non Reportable,2021-12-14,51408,451733,400325
Non Reportable,2021-12-07,23067,387367,364300
Non Reportable,2021-11-30,27252,404810,377558
Non Reportable,2021-11-23,41100,406676,365576
Non Reportable,2021-11-16,51750,399600,347850
Non Reportable,2021-11-09,43711,398526,354815
Non Reportable,2021-11-02,40228,393618,353390
Non Reportable,2021-10-26,38464,394000,355536
Non Reportable,2021-10-19,19561,373605,354044
Non Reportable,2021-10-12,48588,383198,334610
Non Reportable,2021-10-05,30960,386815,355855
Non Reportable,2021-09-28,36007,398213,362206
Non Reportable,2021-09-21,66174,410563,344389
Non Reportable,2021-09-14,152441,548680,396239
Non Reportable,2021-09-07,102428,480242,377814
Non Reportable,2021-08-31,109016,486046,377030
Non Reportable,2021-08-24,89719,473001,383282
Non Reportable,2021-08-17,59503,436204,376701
Non Reportable,2021-08-10,59643,432742,373099
Non Reportable,2021-07-27,45322,415937,370615
Non Reportable,2021-07-20,20441,387097,366656
Non Reportable,2021-07-13,8941,377191,368250
Non Reportable,2021-07-06,3448,372291,368843
Non Reportable,2021-06-29,28181,380024,351843
Non Reportable,2021-06-22,15384,364449,349065
Non Reportable,2021-06-08,141754,489229,347475
Non Reportable,2021-06-01,139186,481283,342097
Non Reportable,2021-05-25,116665,459522,342857
Non Reportable,2021-05-18,112130,450481,338351
Non Reportable,2021-05-11,73421,413855,340434
Non Reportable,2021-05-04,41589,402778,361189
Non Reportable,2021-04-27,73387,441280,367893
Non Reportable,2021-04-20,82975,425558,342583
Non Reportable,2021-04-13,85046,415368,330322
Non Reportable,2021-04-06,96837,423507,326670
Non Reportable,2021-03-30,65235,380238,315003
Non Reportable,2021-03-23,54328,366936,312608
Non Reportable,2021-03-16,41302,424817,383515
Non Reportable,2021-03-09,2799,381597,378798
Non Reportable,2021-03-02,-20506,388697,409203
Non Reportable,2021-02-23,22835,377080,354245
Non Reportable,2021-02-16,41312,393349,352037
Non Reportable,2021-02-09,51857,389712,337855
Non Reportable,2021-02-02,60344,396665,336321
Non Reportable,2021-01-26,39201,374483,335282
Non Reportable,2021-01-19,13817,361228,347411
Non Reportable,2021-01-12,13237,366096,352859
Non Reportable,2021-01-05,50012,367553,317541
Non Reportable,2020-12-29,63216,367075,303859
Non Reportable,2020-12-21,34418,348563,314145
Non Reportable,2020-12-15,-61748,428012,489760
Non Reportable,2020-12-08,-42464,390369,432833
Non Reportable,2020-12-01,-29317,392953,422270
Non Reportable,2020-11-24,-22123,389821,411944
Non Reportable,2020-11-17,-18036,387906,405942
Non Reportable,2020-11-10,11098,385124,374026
Non Reportable,2020-11-03,19103,373737,354634
Non Reportable,2020-10-27,12932,380564,367632
Non Reportable,2020-10-20,41685,397568,355883
Non Reportable,2020-10-13,45254,420865,375611
Non Reportable,2020-10-06,22117,408601,386484
Non Reportable,2020-09-29,12514,370705,358191
Non Reportable,2020-09-22,-16922,358497,375419
Non Reportable,2020-09-15,-79964,418769,498733
Non Reportable,2020-09-08,-104322,392232,496554
Non Reportable,2020-09-01,-108086,377787,485873
Non Reportable,2020-08-25,-103470,371629,475099
Non Reportable,2020-08-18,-101597,368615,470212
Non Reportable,2020-08-11,-126293,362603,488896
Non Reportable,2020-08-04,-122649,354578,477227
Non Reportable,2020-07-28,-113546,343905,457451
Non Reportable,2020-07-21,-88560,346042,434602
Non Reportable,2020-07-14,-100836,341833,442669
Non Reportable,2020-07-07,-81040,347271,428311
Non Reportable,2020-06-30,-75431,346480,421911
Non Reportable,2020-06-23,-65171,341930,407101
Non Reportable,2020-06-16,337480,808196,470716
Non Reportable,2020-06-09,280064,746005,465941
Non Reportable,2020-06-02,265672,732632,466960
Non Reportable,2020-05-26,275375,750634,475259
Non Reportable,2020-05-19,272846,741237,468391
Non Reportable,2020-05-12,255900,755398,499498
Non Reportable,2020-05-05,249962,721806,471844
Non Reportable,2020-04-28,274051,734695,460644
Non Reportable,2020-04-21,265491,725295,459804
Non Reportable,2020-04-14,229611,697311,467700
Non Reportable,2020-04-07,252709,699994,447285
Non Reportable,2020-03-31,146407,622449,476042
Non Reportable,2020-03-24,119196,550589,431393
Non Reportable,2020-03-17,376514,1019623,643109
Non Reportable,2020-03-10,272719,727376,454657
Non Reportable,2020-03-03,226066,634800,408734
Non Reportable,2020-02-25,106806,523930,417124
Non Reportable,2020-02-18,27619,407152,379533
Non Reportable,2020-02-11,34898,409701,374803
Non Reportable,2020-02-04,16105,404159,388054
Non Reportable,2020-01-28,15845,400166,384321
Non Reportable,2020-01-21,30414,393452,363038
Non Reportable,2020-01-14,32180,398119,365939
Non Reportable,2020-01-07,-5874,367379,373253
Non Reportable,2019-12-31,24567,377652,353085
Non Reportable,2019-12-24,18389,368649,350260
Non Reportable,2019-12-17,87061,518033,430972
Non Reportable,2019-12-10,21110,404320,383210
Non Reportable,2019-12-03,19728,401722,381994
Non Reportable,2019-11-26,2584,395901,393317
Non Reportable,2019-11-19,-7641,380671,388312
Non Reportable,2019-11-12,-21728,362772,384500
Non Reportable,2019-11-05,-7056,369085,376141
Non Reportable,2019-10-29,-20593,353896,374489
Non Reportable,2019-10-22,-20397,341739,362136
Non Reportable,2019-10-15,-657,361158,361815
Non Reportable,2019-10-08,9430,378344,368914
Non Reportable,2019-10-01,-5299,367153,372452
Non Reportable,2019-09-24,-16939,349388,366327
Non Reportable,2019-09-17,43754,460231,416477
Non Reportable,2019-09-10,18134,406864,388730
Non Reportable,2019-09-03,14531,416161,401630
Non Reportable,2019-08-27,-27792,374977,402769
Non Reportable,2019-08-20,768,382748,381980
Non Reportable,2019-08-13,-16887,368510,385397
Non Reportable,2019-08-06,-71280,348300,419580
Non Reportable,2019-07-30,-75256,349432,424688
Non Reportable,2019-07-23,-52307,359160,411467
Non Reportable,2019-07-16,-52747,358332,411079
Non Reportable,2019-07-09,-48547,352561,401108
Non Reportable,2019-07-02,-50385,349224,399609
Non Reportable,2019-06-25,-35536,343742,379278
Non Reportable,2019-06-18,-59375,423519,482894
Non Reportable,2019-06-11,-49227,357658,406885
Non Reportable,2019-06-04,-80043,341144,421187
Non Reportable,2019-05-28,-55245,371803,427048
Non Reportable,2019-05-21,-59587,368149,427736
Non Reportable,2019-05-14,-57933,381344,439277
Non Reportable,2019-05-07,-68947,378423,447370
Non Reportable,2019-04-30,-65303,372099,437402
Non Reportable,2019-04-23,-66777,379658,446435
Non Reportable,2019-04-16,-50705,368856,419561
Non Reportable,2019-04-09,-42834,355743,398577
Non Reportable,2019-04-02,-49699,360020,409719
Non Reportable,2019-03-26,-49738,368191,417929
Non Reportable,2019-03-19,-18088,358384,376472
Non Reportable,2019-03-12,-20191,433994,454185
Non Reportable,2019-03-05,-26481,385348,411829
Non Reportable,2019-02-26,83389,485569,402180
Non Reportable,2019-02-19,79688,478738,399050
Non Reportable,2019-02-12,73051,462149,389098
Non Reportable,2019-02-05,71555,457760,386205
Non Reportable,2019-01-29,89551,452957,363406
Non Reportable,2019-01-22,78705,437421,358716
Non Reportable,2019-01-15,55160,431884,376724
Non Reportable,2019-01-08,56018,417554,361536
Non Reportable,2018-12-31,87924,402935,315011
Non Reportable,2018-12-24,145922,467087,321165
Non Reportable,2018-12-18,152281,554007,401726
Non Reportable,2018-12-11,112148,451434,339286
Non Reportable,2018-12-04,78901,433980,355079
Non Reportable,2018-11-27,59760,395735,335975
Non Reportable,2018-11-20,70725,419877,349152
Non Reportable,2018-11-13,31492,386770,355278
Non Reportable,2018-11-06,35450,381250,345800
Non Reportable,2018-10-30,37763,403182,365419
Non Reportable,2018-10-23,35408,397483,362075
Non Reportable,2018-10-16,13550,383991,370441
Non Reportable,2018-10-09,16582,381872,365290
Non Reportable,2018-10-02,22310,359458,337148
Non Reportable,2018-09-25,43987,375113,331126
Non Reportable,2018-09-18,89480,497400,407920
Non Reportable,2018-09-11,131431,488273,356842
Non Reportable,2018-09-04,117232,488606,371374
Non Reportable,2018-08-28,98855,471254,372399
Non Reportable,2018-08-21,109106,470192,361086
Non Reportable,2018-08-14,108164,469861,361697
Non Reportable,2018-08-07,103548,466438,362890
Non Reportable,2018-07-31,109186,447842,338656
Non Reportable,2018-07-24,89063,444725,355662
Non Reportable,2018-07-17,84303,456462,372159
Non Reportable,2018-07-10,75465,433741,358276
Non Reportable,2018-07-03,102305,439521,337216
Non Reportable,2018-06-26,80515,422127,341612
Non Reportable,2018-06-19,44936,389112,344176
Non Reportable,2018-06-12,415596,782464,366868
Non Reportable,2018-06-05,392286,732344,340058
Non Reportable,2018-05-29,392625,723430,330805
Non Reportable,2018-05-22,349286,663105,313819
Non Reportable,2018-05-15,300044,640437,340393
Non Reportable,2018-05-08,303588,619470,315882
Non Reportable,2018-05-01,272410,586883,314473
Non Reportable,2018-04-24,273906,590072,316166
Non Reportable,2018-04-17,230354,561938,331584
Non Reportable,2018-04-10,234047,568484,334437
Non Reportable,2018-04-03,234241,561048,326807
Non Reportable,2018-03-27,159560,498724,339164
Non Reportable,2018-03-20,71336,392882,321546
Non Reportable,2018-03-13,28429,463372,434943
Non Reportable,2018-03-06,72265,412774,340509
Non Reportable,2018-02-27,46050,409001,362951
Non Reportable,2018-02-20,48947,424400,375453
Non Reportable,2018-02-13,111205,478157,366952
Non Reportable,2018-02-06,-14008,456912,470920
Non Reportable,2018-01-30,12556,449417,436861
Non Reportable,2018-01-23,-41244,377746,418990
Non Reportable,2018-01-16,20539,428509,407970
Non Reportable,2018-01-09,29849,431177,401328
Non Reportable,2018-01-02,32422,409995,377573
Non Reportable,2017-12-26,29274,412973,383699
Non Reportable,2017-12-19,9585,399985,390400
Non Reportable,2017-12-12,51084,510004,458920
Non Reportable,2017-12-05,48485,456498,408013
Non Reportable,2017-11-28,13032,450461,437429
Non Reportable,2017-11-21,28725,451992,423267
Non Reportable,2017-11-14,11931,441163,429232
Non Reportable,2017-11-07,-20761,412589,433350
Non Reportable,2017-10-31,-22573,392913,415486
Non Reportable,2017-10-24,-32322,397471,429793
Non Reportable,2017-10-17,-62111,395925,458036
Non Reportable,2017-10-10,-53571,390264,443835
Non Reportable,2017-10-03,-59281,397024,456305
Non Reportable,2017-09-26,-51834,366437,418271
Non Reportable,2017-09-19,-71382,344449,415831
Non Reportable,2017-09-12,-106781,395267,502048
Non Reportable,2017-09-05,-88616,328503,417119
Non Reportable,2017-08-29,-144443,315055,459498
Non Reportable,2017-08-22,-116755,326089,442844
Non Reportable,2017-08-15,-165818,315923,481741
Non Reportable,2017-08-08,-150366,316517,466883
Non Reportable,2017-08-01,-136375,328127,464502
Non Reportable,2017-07-25,-118781,331074,449855
Non Reportable,2017-07-18,-117500,322864,440364
Non Reportable,2017-07-11,-71247,326315,397562
Non Reportable,2017-07-03,-55316,335879,391195
Non Reportable,2017-06-27,-50526,338062,388588
Non Reportable,2017-06-20,-54137,333574,387711
Non Reportable,2017-06-13,-65472,381934,447406
Non Reportable,2017-06-06,-37571,371180,408751
Non Reportable,2017-05-30,-53922,356413,410335
Non Reportable,2017-05-23,-43672,361758,405430
Non Reportable,2017-05-16,-27811,370042,397853
Non Reportable,2017-05-09,-16053,370556,386609
Non Reportable,2017-05-02,-83457,298158,381615
Non Reportable,2017-04-25,-50765,329134,379899
Non Reportable,2017-04-18,-12042,353909,365951
Non Reportable,2017-04-11,-37379,337629,375008
Non Reportable,2017-04-04,-54756,330536,385292
Non Reportable,2017-03-28,-25832,334719,360551
Non Reportable,2017-03-21,-10026,353299,363325
Non Reportable,2017-03-14,-8082,388858,396940
Non Reportable,2017-03-07,-12502,396514,409016
Non Reportable,2017-02-28,-32291,375289,407580
Non Reportable,2017-02-21,-68911,335735,404646
Non Reportable,2017-02-14,-66690,353271,419961
Non Reportable,2017-02-07,-39740,334222,373962
Non Reportable,2017-01-31,-58533,309071,367604
Non Reportable,2017-01-24,-21977,345632,367609
Non Reportable,2017-01-17,-59873,313127,373000
Non Reportable,2017-01-10,-51895,305260,357155
Non Reportable,2017-01-03,-70993,307932,378925
Non Reportable,2016-12-27,-67993,298646,366639
Non Reportable,2016-12-20,-60069,297834,357903
Non Reportable,2016-12-13,34009,505513,471504
Non Reportable,2016-12-06,43928,441099,397171
Non Reportable,2016-11-29,47947,419904,371957
Non Reportable,2016-11-22,39374,433586,394212
Non Reportable,2016-11-15,29219,420979,391760
Non Reportable,2016-11-08,58070,435182,377112
Non Reportable,2016-11-01,73597,469537,395940
Non Reportable,2016-10-25,35584,428160,392576
Non Reportable,2016-10-18,56474,437004,380530
Non Reportable,2016-10-11,66016,457289,391273
Non Reportable,2016-10-04,-12769,386136,398905
Non Reportable,2016-09-27,-42981,343835,386816
Non Reportable,2016-09-20,-34776,343685,378461
Non Reportable,2016-09-13,-18188,428332,446520
Non Reportable,2016-09-06,-133093,320016,453109
Non Reportable,2016-08-30,-129640,314476,444116
Non Reportable,2016-08-23,-102228,327700,429928
Non Reportable,2016-08-16,-69399,345631,415030
Non Reportable,2016-08-09,-49118,343617,392735
Non Reportable,2016-08-02,-41366,371081,412447
Non Reportable,2016-07-26,-19636,386744,406380
Non Reportable,2016-07-19,-16254,392356,408610
Non Reportable,2016-07-12,-6509,411322,417831
Non Reportable,2016-07-05,-3552,402832,406384
Non Reportable,2016-06-28,5399,401516,396117
Non Reportable,2016-06-21,284,357782,357498
Non Reportable,2016-06-14,-14044,445016,459060
Non Reportable,2016-06-07,-31140,388065,419205
Non Reportable,2016-05-31,-86180,332191,418371
Non Reportable,2016-05-24,-89368,318456,407824
Non Reportable,2016-05-17,-106038,296795,402833
Non Reportable,2016-05-10,-120296,302978,423274
Non Reportable,2016-05-03,-119979,296941,416920
Non Reportable,2016-04-26,-137021,297502,434523
Non Reportable,2016-04-19,-132458,284208,416666
Non Reportable,2016-04-12,-68975,318990,387965
Non Reportable,2016-04-05,-70531,320378,390909
Non Reportable,2016-03-29,-70830,321519,392349
Non Reportable,2016-03-22,-98017,295134,393151
Non Reportable,2016-03-15,240486,658213,417727
Non Reportable,2016-03-08,275414,683458,408044
Non Reportable,2016-03-01,228855,704715,475860
Non Reportable,2016-02-23,222117,676990,454873
Non Reportable,2016-02-16,236394,625873,389479
Non Reportable,2016-02-09,271829,637795,365966
Non Reportable,2016-02-02,209719,578069,368350
Non Reportable,2016-01-26,206290,548642,342352
Non Reportable,2016-01-19,272339,600350,328011
Non Reportable,2016-01-12,223212,559506,336294
Non Reportable,2016-01-05,157400,483715,326315
Non Reportable,2015-12-29,84644,401434,316790
Non Reportable,2015-12-22,138360,442310,303950
Non Reportable,2015-12-15,14981,423647,408666
Non Reportable,2015-12-08,-19161,330892,350053
Non Reportable,2015-12-01,-31552,340554,372106
Non Reportable,2015-11-24,-22343,349891,372234
Non Reportable,2015-11-17,29629,390129,360500
Non Reportable,2015-11-10,-11233,363788,375021
Non Reportable,2015-11-03,-87208,312485,399693
Non Reportable,2015-10-27,-34997,350315,385312
Non Reportable,2015-10-20,65218,433958,368740
Non Reportable,2015-10-13,80400,452380,371980
Non Reportable,2015-10-06,107065,476959,369894
Non Reportable,2015-09-29,167855,498271,330416
Non Reportable,2015-09-22,158569,491382,332813
Non Reportable,2015-09-15,403494,772355,368861
Non Reportable,2015-09-08,421814,791558,369744
Non Reportable,2015-09-01,373539,747282,373743
Non Reportable,2015-08-25,337177,713886,376709
Non Reportable,2015-08-18,172152,492057,319905
Non Reportable,2015-08-11,159272,483963,324691
Non Reportable,2015-08-04,139954,457904,317950
Non Reportable,2015-07-28,120224,429536,309312
Non Reportable,2015-07-21,100165,425903,325738
Non Reportable,2015-07-14,126198,442020,315822
Non Reportable,2015-07-07,177686,490214,312528
Non Reportable,2015-06-30,125751,421118,295367
Non Reportable,2015-06-23,69870,370646,300776
Non Reportable,2015-06-16,290686,641182,350496
Non Reportable,2015-06-09,214995,527786,312791
Non Reportable,2015-06-02,143521,458389,314868
Non Reportable,2015-05-26,134515,446548,312033
Non Reportable,2015-05-19,119775,430761,310986
Non Reportable,2015-05-12,162684,456046,293362
Non Reportable,2015-05-05,161829,477565,315736
Non Reportable,2015-04-28,143155,438277,295122
Non Reportable,2015-04-21,155093,437689,282596
Non Reportable,2015-04-14,130990,411176,280186
Non Reportable,2015-04-07,150785,424445,273660
Non Reportable,2015-03-31,129339,395667,266328
Non Reportable,2015-03-24,106868,365506,258638
Non Reportable,2015-03-17,401142,691226,290084
Non Reportable,2015-03-10,364017,662688,298671
Non Reportable,2015-03-03,237353,521265,283912
Non Reportable,2015-02-24,220936,499310,278374
Non Reportable,2015-02-17,199124,465853,266729
Non Reportable,2015-02-10,184709,452217,267508
Non Reportable,2015-02-03,150626,420562,269936
Non Reportable,2015-01-27,90758,346125,255367
Non Reportable,2015-01-20,109910,362129,252219
Non Reportable,2015-01-13,64119,317565,253446
Non Reportable,2015-01-06,57073,312207,255134
Non Reportable,2014-12-30,24346,296778,272432
Non Reportable,2014-12-23,33494,282550,249056
Non Reportable,2014-12-16,20729,338863,318134
Non Reportable,2014-12-09,34518,332963,298445
Non Reportable,2014-12-02,43500,343771,300271
Non Reportable,2014-11-25,48381,360055,311674
Non Reportable,2014-11-18,66110,367489,301379
Non Reportable,2014-11-11,77966,371646,293680
Non Reportable,2014-11-04,110597,400369,289772
Non Reportable,2014-10-28,161290,459005,297715
Non Reportable,2014-10-21,160501,464839,304338
Non Reportable,2014-10-14,85700,366150,280450
Non Reportable,2014-10-07,9117,301365,292248
Non Reportable,2014-09-30,18219,309256,291037
Non Reportable,2014-09-23,9388,294921,285533
Non Reportable,2014-09-16,233554,566753,333199
Non Reportable,2014-09-09,172388,485633,313245
Non Reportable,2014-09-02,152120,469650,317530
Non Reportable,2014-08-26,132036,443140,311104
Non Reportable,2014-08-19,136870,443561,306691
Non Reportable,2014-08-12,153966,435714,281748
Non Reportable,2014-08-05,116493,410953,294460
Non Reportable,2014-07-29,89275,384720,295445
Non Reportable,2014-07-22,68371,369080,300709
Non Reportable,2014-07-15,56971,349506,292535
Non Reportable,2014-07-08,96792,390059,293267
Non Reportable,2014-07-01,94952,388972,294020
Non Reportable,2014-06-24,74329,360756,286427
Non Reportable,2014-06-17,170139,485844,315705
Non Reportable,2014-06-10,151965,499610,347645
Non Reportable,2014-06-03,143432,466499,323067
Non Reportable,2014-05-27,118188,441237,323049
Non Reportable,2014-05-20,165046,449473,284427
Non Reportable,2014-05-13,129679,427771,298092
Non Reportable,2014-05-06,92655,373722,281067
Non Reportable,2014-04-29,112793,382888,270095
Non Reportable,2014-04-22,87663,368399,280736
Non Reportable,2014-04-15,96508,367042,270534
Non Reportable,2014-04-08,105156,360303,255147
Non Reportable,2014-04-01,62112,336862,274750
Non Reportable,2014-03-25,54558,316804,262246
Non Reportable,2014-03-18,321913,634219,312306
Non Reportable,2014-03-11,340361,645485,305124
Non Reportable,2014-03-04,313002,612454,299452
Non Reportable,2014-02-25,327187,609147,281960
Non Reportable,2014-02-18,278800,579685,300885
Non Reportable,2014-02-11,251149,526989,275840
Non Reportable,2014-02-04,228515,472597,244082
Non Reportable,2014-01-28,164124,397498,233374
Non Reportable,2014-01-21,62140,304294,242154
Non Reportable,2014-01-14,28612,295717,267105
Non Reportable,2014-01-07,23241,298601,275360
Non Reportable,2013-12-31,-7526,290242,297768
Non Reportable,2013-12-24,29227,293163,263936
Non Reportable,2013-12-17,83649,342641,258992
Non Reportable,2013-12-10,59717,372193,312476
Non Reportable,2013-12-03,39713,327830,288117
Non Reportable,2013-11-26,35601,329242,293641
Non Reportable,2013-11-19,57586,354282,296696
Non Reportable,2013-11-12,27193,330308,303115
Non Reportable,2013-11-05,59101,350804,291703
Non Reportable,2013-10-29,44380,346381,302001
Non Reportable,2013-10-22,46553,342571,296018
Non Reportable,2013-10-15,149303,398394,249091
Non Reportable,2013-10-08,170864,417381,246517
Non Reportable,2013-10-01,107238,357841,250603
Non Reportable,2013-09-24,126032,371764,245732
Non Reportable,2013-09-17,241036,586335,345299
Non Reportable,2013-09-10,223266,554265,330999
Non Reportable,2013-09-03,241304,536340,295036
Non Reportable,2013-08-27,193024,484270,291246
Non Reportable,2013-08-20,159124,431073,271949
Non Reportable,2013-08-13,114054,398037,283983
Non Reportable,2013-08-06,70786,360991,290205
Non Reportable,2013-07-30,66525,358616,292091
Non Reportable,2013-07-23,98018,375650,277632
Non Reportable,2013-07-16,117317,398342,281025
Non Reportable,2013-07-09,125479,402927,277448
Non Reportable,2013-07-02,112463,377627,265164
Non Reportable,2013-06-25,136079,402778,266699
Non Reportable,2013-06-18,88908,491117,402209
Non Reportable,2013-06-11,1444,401881,400437
Non Reportable,2013-06-04,-58090,325276,383366
Non Reportable,2013-05-28,53488,349929,296441
Non Reportable,2013-05-21,32984,349967,316983
Non Reportable,2013-05-14,29902,364865,334963
Non Reportable,2013-05-07,8025,340681,332656
Non Reportable,2013-04-30,26727,335435,308708
Non Reportable,2013-04-23,77833,364777,286944
Non Reportable,2013-04-16,31555,326911,295356
Non Reportable,2013-04-09,55268,361734,306466
Non Reportable,2013-04-02,38242,351886,313644
Non Reportable,2013-03-26,33723,327015,293292
Non Reportable,2013-03-19,20761,306443,285682
Non Reportable,2013-03-12,112373,492182,379809
Non Reportable,2013-03-05,112782,451885,339103
Non Reportable,2013-02-26,123361,422309,298948
Non Reportable,2013-02-19,-15768,285928,301696
Non Reportable,2013-02-12,24268,337751,313483
Non Reportable,2013-02-05,-20385,282139,302524
Non Reportable,2013-01-29,-40932,268345,309277
Non Reportable,2013-01-22,-66726,266496,333222
Non Reportable,2013-01-15,58474,316573,258099
Non Reportable,2013-01-08,47563,290756,243193
Non Reportable,2012-12-31,123888,328328,204440
Non Reportable,2012-12-24,137596,353702,216106
Non Reportable,2012-12-18,59730,328412,268682
Non Reportable,2012-12-11,145534,406429,260895
Non Reportable,2012-12-04,179380,445566,266186
Non Reportable,2012-11-27,159281,432986,273705
Non Reportable,2012-11-20,174536,442745,268209
Non Reportable,2012-11-13,110238,363602,253364
Non Reportable,2012-11-06,58927,317917,258990
Non Reportable,2012-10-30,63437,317144,253707
Non Reportable,2012-10-23,47162,301174,254012
Non Reportable,2012-10-16,56842,313326,256484
Non Reportable,2012-10-09,63765,307493,243728
Non Reportable,2012-10-02,59982,315226,255244
Non Reportable,2012-09-25,87323,337548,250225
Non Reportable,2012-09-18,56069,402104,346035
Non Reportable,2012-09-11,137911,438161,300250
Non Reportable,2012-09-04,126754,423808,297054
Non Reportable,2012-08-28,144008,442762,298754
Non Reportable,2012-08-21,143279,443420,300141
Non Reportable,2012-08-14,144399,429621,285222
Non Reportable,2012-08-07,160870,443493,282623
Non Reportable,2012-07-31,157209,435096,277887
Non Reportable,2012-07-24,203147,471283,268136
Non Reportable,2012-07-17,212883,480028,267145
Non Reportable,2012-07-10,197229,463383,266154
Non Reportable,2012-07-03,187540,457795,270255
Non Reportable,2012-06-26,174739,441167,266428
Non Reportable,2012-06-19,147878,423925,276047
Non Reportable,2012-06-12,282936,600387,317451
Non Reportable,2012-06-05,313983,605691,291708
Non Reportable,2012-05-29,268133,549042,280909
Non Reportable,2012-05-22,245583,533010,287427
Non Reportable,2012-05-15,239254,521656,282402
Non Reportable,2012-05-08,203462,471075,267613
Non Reportable,2012-05-01,192879,466322,273443
Non Reportable,2012-04-24,196929,472116,275187
Non Reportable,2012-04-17,180900,456805,275905
Non Reportable,2012-04-10,160090,453139,293049
Non Reportable,2012-04-03,120755,412213,291458
Non Reportable,2012-03-27,126965,428671,301706
Non Reportable,2012-03-20,112108,403285,291177
Non Reportable,2012-03-13,59101,431243,372142
Non Reportable,2012-03-06,-13050,335642,348692
Non Reportable,2012-02-28,-41007,274428,315435
Non Reportable,2012-02-21,-34087,270360,304447
Non Reportable,2012-02-14,-33073,278217,311290
Non Reportable,2012-02-07,-75496,274768,350264
Non Reportable,2012-01-31,-47635,289188,336823
Non Reportable,2012-01-24,71985,355214,283229
Non Reportable,2012-01-17,48758,325961,277203
Non Reportable,2012-01-10,42898,302859,259961
Non Reportable,2012-01-03,97816,360348,262532
Non Reportable,2011-12-27,50510,326490,275980
Non Reportable,2011-12-20,50560,333199,282639
Non Reportable,2011-12-13,-96194,324450,420644
Non Reportable,2011-12-06,-150288,270662,420950
Non Reportable,2011-11-29,-62534,313241,375775
Non Reportable,2011-11-22,-7293,339074,346367
Non Reportable,2011-11-15,-22082,332229,354311
Non Reportable,2011-11-08,-65612,309906,375518
Non Reportable,2011-11-01,-85019,294797,379816
Non Reportable,2011-10-25,12686,386063,373377
Non Reportable,2011-10-18,17961,404952,386991
Non Reportable,2011-10-11,10990,394269,383279
Non Reportable,2011-10-04,55843,425303,369460
Non Reportable,2011-09-27,33379,402737,369358
Non Reportable,2011-09-20,60547,461684,401137
Non Reportable,2011-09-13,66243,485265,419022
Non Reportable,2011-09-06,123251,478968,355717
Non Reportable,2011-08-30,85099,447005,361906
Non Reportable,2011-08-23,-20283,312106,332389
Non Reportable,2011-08-16,-40042,309225,349267
Non Reportable,2011-08-09,-240509,347324,587833
Non Reportable,2011-08-02,-103507,313415,416922
Non Reportable,2011-07-26,-57015,262708,319723
Non Reportable,2011-07-19,-35856,271269,307125
Non Reportable,2011-07-12,7407,303250,295843
Non Reportable,2011-07-05,-33156,266347,299503
Non Reportable,2011-06-28,-27038,271400,298438
Non Reportable,2011-06-21,58173,323852,265679
Non Reportable,2011-06-14,-189465,405278,594743
Non Reportable,2011-06-07,-212895,294378,507273
Non Reportable,2011-05-31,-234698,282082,516780
Non Reportable,2011-05-24,-208412,297545,505957
Non Reportable,2011-05-17,-157053,292744,449797
Non Reportable,2011-05-10,-129464,315843,445307
Non Reportable,2011-05-03,-139947,275679,415626
Non Reportable,2011-04-26,-162157,276852,439009
Non Reportable,2011-04-19,-175798,272776,448574
Non Reportable,2011-04-12,-111704,294335,406039
Non Reportable,2011-04-05,-103608,288636,392244
Non Reportable,2011-03-29,-120973,260693,381666
Non Reportable,2011-03-22,-134938,229927,364865
Non Reportable,2011-03-15,-176420,327040,503460
Non Reportable,2011-03-08,-77139,280039,357178
Non Reportable,2011-03-01,-24872,311764,336636
Non Reportable,2011-02-22,-83083,244525,327608
Non Reportable,2011-02-15,-56834,259993,316827
Non Reportable,2011-02-08,-38797,266342,305139
Non Reportable,2011-02-01,14475,296408,281933
Non Reportable,2011-01-25,-30497,261275,291772
Non Reportable,2011-01-18,-41881,261732,303613
Non Reportable,2011-01-11,8426,264221,255795
Non Reportable,2011-01-04,-4438,259662,264100
Non Reportable,2010-12-28,-31088,249376,280464
Non Reportable,2010-12-21,-14355,254544,268899
Non Reportable,2010-12-14,-19424,389818,409242
Non Reportable,2010-12-07,-30969,336150,367119
Non Reportable,2010-11-30,-74309,295792,370101
Non Reportable,2010-11-23,-29272,294894,324166
Non Reportable,2010-11-16,-7766,356655,364421
Non Reportable,2010-11-09,31459,299246,267787
Non Reportable,2010-11-02,50478,307674,257196
Non Reportable,2010-10-26,73241,340157,266916
Non Reportable,2010-10-19,77062,347251,270189
Non Reportable,2010-10-12,110414,379773,269359
Non Reportable,2010-10-05,123411,388090,264679
Non Reportable,2010-09-28,87757,352088,264331
Non Reportable,2010-09-21,58966,348953,289987
Non Reportable,2010-09-14,-66270,395112,461382
Non Reportable,2010-09-07,-86693,208471,295164
Non Reportable,2010-08-31,-103041,192121,295162
Non Reportable,2010-08-24,-41147,246395,287542
Non Reportable,2010-08-17,40646,324923,284277
Non Reportable,2010-08-10,70812,343734,272922
Non Reportable,2010-08-03,103251,388519,285268
Non Reportable,2010-07-27,72968,372584,299616
Non Reportable,2010-07-20,46273,370863,324590
Non Reportable,2010-07-13,85660,422816,337156
Non Reportable,2010-07-06,147114,468068,320954
Non Reportable,2010-06-29,177382,443735,266353
Non Reportable,2010-06-22,200006,443490,243484
Non Reportable,2010-06-15,115297,567473,452176
Non Reportable,2010-06-08,128118,462362,334244
Non Reportable,2010-06-01,125388,406478,281090
Non Reportable,2010-05-25,182494,431645,249151
Non Reportable,2010-05-18,197016,474206,277190
Non Reportable,2010-05-11,180269,494946,314677
Non Reportable,2010-05-04,81878,380140,298262
Non Reportable,2010-04-27,80845,350651,269806
Non Reportable,2010-04-20,64488,348906,284418
Non Reportable,2010-04-13,85385,351752,266367
Non Reportable,2010-04-06,73356,340919,267563
Non Reportable,2010-03-30,103411,356049,252638
Non Reportable,2010-03-23,94518,376862,282344
Non Reportable,2010-03-16,-150518,460039,610557
Non Reportable,2010-03-09,-108427,236982,345409
Non Reportable,2010-03-02,-148511,228983,377494
Non Reportable,2010-02-23,-170196,195758,365954
Non Reportable,2010-02-16,-126774,226332,353106
Non Reportable,2010-02-09,-121185,285375,406560
Non Reportable,2010-02-02,-37097,311870,348967
Non Reportable,2010-01-26,-45832,255550,301382
Non Reportable,2010-01-19,-71712,229866,301578
Non Reportable,2010-01-12,-59476,238261,297737
Non Reportable,2010-01-05,-34643,231647,266290
Non Reportable,2009-12-29,-44199,218996,263195
Non Reportable,2009-12-22,-44505,224153,268658
Non Reportable,2009-12-15,-283752,282950,566702
Non Reportable,2009-12-08,-274639,246324,520963
Non Reportable,2009-12-01,-205467,212820,418287
Non Reportable,2009-11-24,-203674,210280,413954
Non Reportable,2009-11-17,-154499,258875,413374
Non Reportable,2009-11-09,-203818,207964,411782
Non Reportable,2009-11-03,-147128,224669,371797
Non Reportable,2009-10-27,-103630,239942,343572
Non Reportable,2009-10-20,-89040,240132,329172
Non Reportable,2009-10-13,-110280,232461,342741
Non Reportable,2009-10-06,-128681,219738,348419
Non Reportable,2009-09-29,-53007,232682,285689
Non Reportable,2009-09-22,-33865,217329,251194
Non Reportable,2009-09-15,-51287,294487,345774
Non Reportable,2009-09-08,-38900,237507,276407
Non Reportable,2009-09-01,-18602,252353,270955
Non Reportable,2009-08-25,45604,264687,219083
Non Reportable,2009-08-18,-5315,237828,243143
Non Reportable,2009-08-11,-20213,263638,283851
Non Reportable,2009-08-04,-77536,210100,287636
Non Reportable,2009-07-28,-60909,220452,281361
Non Reportable,2009-07-21,-113812,208848,322660
Non Reportable,2009-07-14,-147694,190892,338586
Non Reportable,2009-07-07,-110701,204104,314805
Non Reportable,2009-06-30,-147805,183361,331166
Non Reportable,2009-06-23,-98507,199689,298196
Non Reportable,2009-06-16,-137977,246620,384597
Non Reportable,2009-06-09,-158275,215382,373657
Non Reportable,2009-06-02,-178044,206922,384966
Non Reportable,2009-05-26,-141865,224761,366626
Non Reportable,2009-05-19,-115645,214635,330280
Non Reportable,2009-05-12,-112408,230200,342608
Non Reportable,2009-05-05,-108982,214750,323732
Non Reportable,2009-04-28,-143809,204219,348028
Non Reportable,2009-04-21,-111000,204211,315211
Non Reportable,2009-04-14,-80766,196732,277498
Non Reportable,2009-04-07,-53251,198480,251731
Non Reportable,2009-03-31,-81429,218149,299578
Non Reportable,2009-03-24,-45844,184109,229953
Non Reportable,2009-03-17,-298636,245552,544188
Non Reportable,2009-03-10,-362567,297227,659794
Non Reportable,2009-03-03,-275940,255237,531177
Non Reportable,2009-02-24,-217012,289572,506584
Non Reportable,2009-02-17,-245303,281430,526733
Non Reportable,2009-02-10,-151460,211371,362831
Non Reportable,2009-02-03,-144457,226504,370961
Non Reportable,2009-01-27,-86581,209573,296154
Non Reportable,2009-01-20,-78466,222756,301222
Non Reportable,2009-01-13,-9138,210928,220066
Non Reportable,2009-01-06,81970,267529,185559
Non Reportable,2008-12-30,99538,262419,162881
Non Reportable,2008-12-22,66248,247174,180926
Non Reportable,2008-12-16,-26251,301485,327736
Non Reportable,2008-12-09,54779,273767,218988
Non Reportable,2008-12-02,157772,345497,187725
Non Reportable,2008-11-25,173500,410021,236521
Non Reportable,2008-11-18,245267,514247,268980
Non Reportable,2008-11-11,264446,496924,232478
Non Reportable,2008-11-04,275440,520337,244897
Non Reportable,2008-10-28,372189,649681,277492
Non Reportable,2008-10-21,435854,675817,239963
Non Reportable,2008-10-14,424414,803801,379387
Non Reportable,2008-10-07,434122,648231,214109
Non Reportable,2008-09-30,240776,615374,374598
Non Reportable,2008-09-23,148547,481458,332911
Non Reportable,2008-09-16,220811,526638,305827
Non Reportable,2008-09-09,235999,473771,237772
Non Reportable,2008-09-02,253072,498056,244984
Non Reportable,2008-08-26,248516,494391,245875
Non Reportable,2008-08-19,274210,522315,248105
Non Reportable,2008-08-12,273640,534529,260889
Non Reportable,2008-08-05,263074,509652,246578
Non Reportable,2008-07-29,296276,531472,235196
Non Reportable,2008-07-22,291828,524846,233018
Non Reportable,2008-07-15,311577,556749,245172
Non Reportable,2008-07-08,240560,467016,226456
Non Reportable,2008-07-01,154532,410441,255909
Non Reportable,2008-06-24,124562,393306,268744
Non Reportable,2008-06-17,144512,606416,461904
Non Reportable,2008-06-10,108111,377122,269011
Non Reportable,2008-06-03,140044,386524,246480
Non Reportable,2008-05-27,190771,420622,229851
Non Reportable,2008-05-20,181036,442534,261498
Non Reportable,2008-05-13,173671,399513,225842
Non Reportable,2008-05-06,180873,445173,264300
Non Reportable,2008-04-29,226286,450281,223995
Non Reportable,2008-04-22,215112,428509,213397
Non Reportable,2008-04-15,211575,421213,209638
Non Reportable,2008-04-08,212083,426621,214538
Non Reportable,2008-04-01,218909,445828,226919
Non Reportable,2008-03-25,213612,477504,263892
Non Reportable,2008-03-18,15600,589424,573824
Non Reportable,2008-03-11,79640,373685,294045
Non Reportable,2008-03-04,100303,378201,277898
Non Reportable,2008-02-26,186261,390776,204515
Non Reportable,2008-02-19,176471,410977,234506
Non Reportable,2008-02-12,185354,517953,332599
Non Reportable,2008-02-05,125192,451104,325912
Non Reportable,2008-01-29,108627,412267,303640
Non Reportable,2008-01-22,163720,544787,381067
Non Reportable,2008-01-15,167931,372170,204239
Non Reportable,2008-01-08,131295,345563,214268
Non Reportable,2007-12-31,83215,241096,157881
Non Reportable,2007-12-24,108662,291428,182766
Non Reportable,2007-12-18,262877,603203,340326
Non Reportable,2007-12-11,415952,653199,237247
Non Reportable,2007-12-04,373693,574707,201014
Non Reportable,2007-11-27,298194,527908,229714
Non Reportable,2007-11-20,300511,542603,242092
Non Reportable,2007-11-13,298103,553619,255516
Non Reportable,2007-11-06,344298,557975,213677
Non Reportable,2007-10-30,364242,554047,189805
Non Reportable,2007-10-23,313844,512241,198397
Non Reportable,2007-10-16,340822,523188,182366
Non Reportable,2007-10-09,316930,509156,192226
Non Reportable,2007-10-02,309969,486749,176780
Non Reportable,2007-09-25,264689,440135,175446
Non Reportable,2007-09-18,-67254,515084,582338
Non Reportable,2007-09-11,-28529,290606,319135
Non Reportable,2007-09-04,11325,223048,211723
Non Reportable,2007-08-28,56134,271313,215179
Non Reportable,2007-08-21,56005,252671,196666
Non Reportable,2007-08-14,46007,260998,214991
Non Reportable,2007-08-07,43482,313707,270225
Non Reportable,2007-07-31,58768,254659,195891
Non Reportable,2007-07-24,47903,256263,208360
Non Reportable,2007-07-17,52038,250525,198487
Non Reportable,2007-07-10,4272,206183,201911
Non Reportable,2007-07-03,36339,215565,179226
Non Reportable,2007-06-26,91628,301226,209598
Non Reportable,2007-06-19,61716,243371,181655
Non Reportable,2007-06-12,157518,518692,361174
Non Reportable,2007-06-05,240379,455916,215537
Non Reportable,2007-05-29,297910,513303,215393
Non Reportable,2007-05-22,321996,522837,200841
Non Reportable,2007-05-15,343787,559197,215410
Non Reportable,2007-05-08,348724,546397,197673
Non Reportable,2007-05-01,305788,531605,225817
Non Reportable,2007-04-24,307782,520066,212284
Non Reportable,2007-04-17,286238,504856,218618
Non Reportable,2007-04-10,341651,524779,183128
Non Reportable,2007-04-03,347635,541378,193743
Non Reportable,2007-03-27,311440,494020,182580
Non Reportable,2007-03-20,244311,454105,209794
Non Reportable,2007-03-13,48906,476385,427479
Non Reportable,2007-03-06,102605,401503,298898
Non Reportable,2007-02-27,236366,440921,204555
Non Reportable,2007-02-20,226029,396945,170916
Non Reportable,2007-02-13,192754,364039,171285
Non Reportable,2007-02-06,160451,329596,169145
Non Reportable,2007-01-30,208918,373894,164976
Non Reportable,2007-01-23,211157,380749,169592
Non Reportable,2007-01-16,202053,381067,179014
Non Reportable,2007-01-09,147188,353722,206534
Non Reportable,2007-01-03,156004,365089,209085
Non Reportable,2006-12-26,171624,340222,168598
Non Reportable,2006-12-19,146855,319018,172163
Non Reportable,2006-12-12,431575,720700,289125
Non Reportable,2006-12-05,356598,556227,199629
Non Reportable,2006-11-28,361674,547295,185621
Non Reportable,2006-11-21,411626,583845,172219
Non Reportable,2006-11-14,405789,569522,163733
Non Reportable,2006-11-07,389529,559141,169612
Non Reportable,2006-10-31,365787,529116,163329
Non Reportable,2006-10-24,311589,492729,181140
Non Reportable,2006-10-17,303562,506908,203346
Non Reportable,2006-10-10,314427,494041,179614
Non Reportable,2006-10-03,250451,431242,180791
Non Reportable,2006-09-26,238758,437807,199049
Non Reportable,2006-09-19,198382,414372,215990
Non Reportable,2006-09-12,297745,529592,231847
Non Reportable,2006-09-05,332750,503964,171214
Non Reportable,2006-08-29,324235,494122,169887
Non Reportable,2006-08-22,303348,472960,169612
Non Reportable,2006-08-15,279046,435432,156386
Non Reportable,2006-08-08,203097,374853,171756
Non Reportable,2006-08-01,185156,346996,161840
Non Reportable,2006-07-25,218681,376545,157864
Non Reportable,2006-07-18,244264,394570,150306
Non Reportable,2006-07-11,248754,408276,159522
Non Reportable,2006-07-03,286009,440773,154764
Non Reportable,2006-06-27,267598,430190,162592
Non Reportable,2006-06-20,285741,452868,167127
Non Reportable,2006-06-13,364468,628143,263675
Other Reportable,2024-10-08,77187,211425,134238
Other Reportable,2024-10-01,84304,199720,115416
Other Reportable,2024-09-24,39456,173591,134135
Other Reportable,2024-09-17,27443,174933,147490
Other Reportable,2024-09-10,17036,181733,164697
Other Reportable,2024-09-03,7572,156227,148655
Other Reportable,2024-08-27,34649,156778,122129
Other Reportable,2024-08-20,39606,156724,117118
Other Reportable,2024-08-13,17157,182762,165605
Other Reportable,2024-08-06,23053,151598,128545
Other Reportable,2024-07-30,-32787,152974,185761
Other Reportable,2024-07-23,-58544,135541,194085
Other Reportable,2024-07-09,-4728,159457,164185
Other Reportable,2024-06-25,-8907,145154,154061
Other Reportable,2024-06-18,23692,186333,162641
Other Reportable,2024-06-11,-30441,150902,181343
Other Reportable,2024-06-04,-23358,141478,164836
Other Reportable,2024-05-28,-57423,167966,225389
Other Reportable,2024-05-21,-59528,172578,232106
Other Reportable,2024-05-14,-76584,147956,224540
Other Reportable,2024-05-07,-84992,126911,211903
Other Reportable,2024-04-30,-88013,127752,215765
Other Reportable,2024-04-23,-95762,130581,226343
Other Reportable,2024-04-16,-84668,142263,226931
Other Reportable,2024-04-09,-26731,158145,184876
Other Reportable,2024-04-02,-48078,140705,188783
Other Reportable,2024-03-26,-33881,162230,196111
Other Reportable,2024-03-19,-15081,171767,186848
Other Reportable,2024-03-12,-34913,172302,207215
Other Reportable,2024-03-05,-72254,162007,234261
Other Reportable,2024-02-27,-33268,180232,213500
Other Reportable,2024-02-20,-37006,173340,210346
Other Reportable,2024-02-13,-39678,175760,215438
Other Reportable,2024-02-06,2810,181243,178433
Other Reportable,2024-01-30,-13141,167333,180474
Other Reportable,2024-01-23,-21803,160439,182242
Other Reportable,2024-01-16,-66488,140036,206524
Other Reportable,2024-01-09,-32463,149916,182379
Other Reportable,2024-01-02,-65021,123825,188846
Other Reportable,2023-12-26,-63212,117789,181001
Other Reportable,2023-12-19,-89635,138484,228119
Other Reportable,2023-12-12,-77340,128400,205740
Other Reportable,2023-12-05,-69489,143852,213341
Other Reportable,2023-11-28,-147213,173127,320340
Other Reportable,2023-11-21,-115904,171973,287877
Other Reportable,2023-11-14,-90726,186359,277085
Other Reportable,2023-11-07,-88314,182807,271121
Other Reportable,2023-10-31,-63608,204644,268252
Other Reportable,2023-10-24,-107670,185134,292804
Other Reportable,2023-10-17,-101222,177446,278668
Other Reportable,2023-10-10,-82925,164807,247732
Other Reportable,2023-10-03,-29969,209683,239652
Other Reportable,2023-09-26,-72464,153800,226264
Other Reportable,2023-09-19,-138466,111914,250380
Other Reportable,2023-09-12,-100846,159113,259959
Other Reportable,2023-09-05,-96633,169889,266522
Other Reportable,2023-08-29,-69460,184415,253875
Other Reportable,2023-08-22,-81496,181080,262576
Other Reportable,2023-08-15,-144601,132359,276960
Other Reportable,2023-08-08,-115677,117953,233630
Other Reportable,2023-08-01,-107449,125012,232461
Other Reportable,2023-07-25,-96418,140293,236711
Other Reportable,2023-07-18,-114109,141957,256066
Other Reportable,2023-07-11,-132993,132863,265856
Other Reportable,2023-07-03,-154255,125303,279558
Other Reportable,2023-06-27,-130570,145634,276204
Other Reportable,2023-06-20,-190888,133330,324218
Other Reportable,2023-06-13,-267286,143372,410658
Other Reportable,2023-06-06,-179055,133779,312834
Other Reportable,2023-05-30,-178193,139227,317420
Other Reportable,2023-05-23,-169368,128540,297908
Other Reportable,2023-05-16,-186755,129529,316284
Other Reportable,2023-05-09,-169614,129676,299290
Other Reportable,2023-05-02,-189132,134332,323464
Other Reportable,2023-04-25,-146867,138815,285682
Other Reportable,2023-04-18,-162983,128626,291609
Other Reportable,2023-04-11,-142514,136098,278612
Other Reportable,2023-04-04,-161515,98772,260287
Other Reportable,2023-03-28,-129477,132634,262111
Other Reportable,2023-03-21,-108120,130527,238647
Other Reportable,2023-03-14,-138898,124346,263244
Other Reportable,2023-03-07,-136123,131967,268090
Other Reportable,2023-02-28,-113967,126657,240624
Other Reportable,2023-02-21,-98499,131804,230303
Other Reportable,2023-02-14,-75556,130642,206198
Other Reportable,2023-02-07,-66417,136080,202497
Other Reportable,2023-01-31,-45427,146191,191618
Other Reportable,2023-01-24,-66788,136553,203341
Other Reportable,2023-01-17,-51931,146181,198112
Other Reportable,2023-01-10,-55986,155143,211129
Other Reportable,2023-01-03,-51908,162112,214020
Other Reportable,2022-12-27,-47434,145263,192697
Other Reportable,2022-12-20,-44121,150249,194370
Other Reportable,2022-12-13,-34223,134744,168967
Other Reportable,2022-12-06,-23349,132397,155746
Other Reportable,2022-11-29,-19169,139908,159077
Other Reportable,2022-11-22,-14862,160622,175484
Other Reportable,2022-11-15,244,174370,174126
Other Reportable,2022-11-08,8625,184299,175674
Other Reportable,2022-11-01,20605,202433,181828
Other Reportable,2022-10-25,-22954,159945,182899
Other Reportable,2022-10-18,-37161,161067,198228
Other Reportable,2022-10-11,-49831,161495,211326
Other Reportable,2022-10-04,-61443,162381,223824
Other Reportable,2022-09-27,-79575,163933,243508
Other Reportable,2022-09-20,-125647,140377,266024
Other Reportable,2022-09-13,-135808,144515,280323
Other Reportable,2022-09-06,-129464,141991,271455
Other Reportable,2022-08-30,-122189,138714,260903
Other Reportable,2022-08-23,-134346,131319,265665
Other Reportable,2022-08-16,-126302,138921,265223
Other Reportable,2022-08-09,-98885,142470,241355
Other Reportable,2022-08-02,-72000,155135,227135
Other Reportable,2022-07-26,-24663,174282,198945
Other Reportable,2022-07-19,-22752,178315,201067
Other Reportable,2022-07-12,-11667,183609,195276
Other Reportable,2022-07-05,1284,194431,193147
Other Reportable,2022-06-28,-44629,159800,204429
Other Reportable,2022-06-21,-56635,182454,239089
Other Reportable,2022-06-14,-58631,180338,238969
Other Reportable,2022-06-07,-63107,194006,257113
Other Reportable,2022-05-31,-56711,189498,246209
Other Reportable,2022-05-24,-57741,202703,260444
Other Reportable,2022-05-17,-127383,188582,315965
Other Reportable,2022-05-10,-173644,174006,347650
Other Reportable,2022-05-03,-212461,165774,378235
Other Reportable,2022-04-26,-212415,154766,367181
Other Reportable,2022-04-19,-234904,153146,388050
Other Reportable,2022-04-12,-223290,156768,380058
Other Reportable,2022-04-05,-219092,164801,383893
Other Reportable,2022-03-29,-220624,154710,375334
Other Reportable,2022-03-22,-186955,160069,347024
Other Reportable,2022-03-15,-169617,185673,355290
Other Reportable,2022-03-08,-160587,198467,359054
Other Reportable,2022-03-01,-176180,190290,366470
Other Reportable,2022-02-22,-178029,195796,373825
Other Reportable,2022-02-15,-201220,186778,387998
Other Reportable,2022-02-08,-228135,152919,381054
Other Reportable,2022-02-01,-259716,156264,415980
Other Reportable,2022-01-25,-228323,169022,397345
Other Reportable,2022-01-18,-248208,175979,424187
Other Reportable,2022-01-11,-275783,158446,434229
Other Reportable,2022-01-04,-258483,163798,422281
Other Reportable,2021-12-28,-255876,172608,428484
Other Reportable,2021-12-21,-240786,168940,409726
Other Reportable,2021-12-14,-243780,171151,414931
Other Reportable,2021-12-07,-254648,164479,419127
Other Reportable,2021-11-30,-317219,136165,453384
Other Reportable,2021-11-23,-335108,136828,471936
Other Reportable,2021-11-16,-322514,144004,466518
Other Reportable,2021-11-09,-322921,139920,462841
Other Reportable,2021-11-02,-314702,145069,459771
Other Reportable,2021-10-26,-306643,135199,441842
Other Reportable,2021-10-19,-301006,137818,438824
Other Reportable,2021-10-12,-263809,160701,424510
Other Reportable,2021-10-05,-284559,148687,433246
Other Reportable,2021-09-28,-301172,147863,449035
Other Reportable,2021-09-21,-281920,157188,439108
Other Reportable,2021-09-14,-303159,137213,440372
Other Reportable,2021-09-07,-281008,137956,418964
Other Reportable,2021-08-31,-274963,140978,415941
Other Reportable,2021-08-24,-276519,126224,402743
Other Reportable,2021-08-17,-255227,140855,396082
Other Reportable,2021-08-10,-246179,146829,393008
Other Reportable,2021-07-27,-217685,163599,381284
Other Reportable,2021-07-20,-246590,136403,382993
Other Reportable,2021-07-13,-269028,139244,408272
Other Reportable,2021-07-06,-279161,136153,415314
Other Reportable,2021-06-29,-263861,129707,393568
Other Reportable,2021-06-22,-267694,132223,399917
Other Reportable,2021-06-08,-288341,115091,403432
Other Reportable,2021-06-01,-269988,119057,389045
Other Reportable,2021-05-25,-243977,110917,354894
Other Reportable,2021-05-18,-228319,114360,342679
Other Reportable,2021-05-11,-228529,117239,345768
Other Reportable,2021-05-04,-218636,125601,344237
Other Reportable,2021-04-27,-226430,113933,340363
Other Reportable,2021-04-20,-225242,116832,342074
Other Reportable,2021-04-13,-235406,116920,352326
Other Reportable,2021-04-06,-263543,114427,377970
Other Reportable,2021-03-30,-259704,120567,380271
Other Reportable,2021-03-23,-253899,122298,376197
Other Reportable,2021-03-16,-300200,120823,421023
Other Reportable,2021-03-09,-282809,126305,409114
Other Reportable,2021-03-02,-295754,123643,419397
Other Reportable,2021-02-23,-263303,116778,380081
Other Reportable,2021-02-16,-277496,119346,396842
Other Reportable,2021-02-09,-312920,119634,432554
Other Reportable,2021-02-02,-304825,142072,446897
Other Reportable,2021-01-26,-318574,129163,447737
Other Reportable,2021-01-19,-301438,130669,432107
Other Reportable,2021-01-12,-287254,128595,415849
Other Reportable,2021-01-05,-310636,130000,440636
Other Reportable,2020-12-29,-286047,141952,427999
Other Reportable,2020-12-21,-274577,146783,421360
Other Reportable,2020-12-15,-294300,141577,435877
Other Reportable,2020-12-08,-305461,134620,440081
Other Reportable,2020-12-01,-325125,133519,458644
Other Reportable,2020-11-24,-336498,125694,462192
Other Reportable,2020-11-17,-318511,144169,462680
Other Reportable,2020-11-10,-310188,144805,454993
Other Reportable,2020-11-03,-233926,178579,412505
Other Reportable,2020-10-27,-268935,169172,438107
Other Reportable,2020-10-20,-315644,138781,454425
Other Reportable,2020-10-13,-327760,125876,453636
Other Reportable,2020-10-06,-413355,136466,549821
Other Reportable,2020-09-29,-389649,138608,528257
Other Reportable,2020-09-22,-485512,118510,604022
Other Reportable,2020-09-15,-420203,132377,552580
Other Reportable,2020-09-08,-389590,123205,512795
Other Reportable,2020-09-01,-407131,114435,521566
Other Reportable,2020-08-25,-402367,114390,516757
Other Reportable,2020-08-18,-401780,113276,515056
Other Reportable,2020-08-11,-373487,115649,489136
Other Reportable,2020-08-04,-365012,114052,479064
Other Reportable,2020-07-28,-326326,117718,444044
Other Reportable,2020-07-21,-340690,119023,459713
Other Reportable,2020-07-14,-332945,124744,457689
Other Reportable,2020-07-07,-332150,126565,458715
Other Reportable,2020-06-30,-307303,142756,450059
Other Reportable,2020-06-23,-313861,126046,439907
Other Reportable,2020-06-16,-325232,124962,450194
Other Reportable,2020-06-09,-368724,112606,481330
Other Reportable,2020-06-02,-344433,114372,458805
Other Reportable,2020-05-26,-322769,115360,438129
Other Reportable,2020-05-19,-315311,110428,425739
Other Reportable,2020-05-12,-321309,118302,439611
Other Reportable,2020-05-05,-299203,132878,432081
Other Reportable,2020-04-28,-281194,136714,417908
Other Reportable,2020-04-21,-285016,142398,427414
Other Reportable,2020-04-14,-274504,145127,419631
Other Reportable,2020-04-07,-226154,174998,401152
Other Reportable,2020-03-31,-232819,156429,389248
Other Reportable,2020-03-24,-17392,240493,257885
Other Reportable,2020-03-17,187428,422185,234757
Other Reportable,2020-03-10,-5563,231962,237525
Other Reportable,2020-03-03,-55123,163257,218380
Other Reportable,2020-02-25,-130577,139235,269812
Other Reportable,2020-02-18,-162912,119544,282456
Other Reportable,2020-02-11,-116888,115249,232137
Other Reportable,2020-02-04,-114949,118921,233870
Other Reportable,2020-01-28,-119177,124508,243685
Other Reportable,2020-01-21,-191702,118242,309944
Other Reportable,2020-01-14,-209072,106255,315327
Other Reportable,2020-01-07,-232611,104712,337323
Other Reportable,2019-12-31,-225796,111447,337243
Other Reportable,2019-12-24,-240935,102343,343278
Other Reportable,2019-12-17,-265717,73732,339449
Other Reportable,2019-12-10,-239549,105075,344624
Other Reportable,2019-12-03,-229437,111619,341056
Other Reportable,2019-11-26,-232700,110510,343210
Other Reportable,2019-11-19,-257684,106903,364587
Other Reportable,2019-11-12,-280560,108659,389219
Other Reportable,2019-11-05,-268780,106902,375682
Other Reportable,2019-10-29,-286210,99148,385358
Other Reportable,2019-10-22,-288372,99231,387603
Other Reportable,2019-10-15,-272583,109435,382018
Other Reportable,2019-10-08,-262801,118937,381738
Other Reportable,2019-10-01,-281084,105953,387037
Other Reportable,2019-09-24,-279234,107465,386699
Other Reportable,2019-09-17,-299154,103658,402812
Other Reportable,2019-09-10,-288980,107912,396892
Other Reportable,2019-09-03,-276633,106642,383275
Other Reportable,2019-08-27,-258563,108014,366577
Other Reportable,2019-08-20,-252104,108211,360315
Other Reportable,2019-08-13,-275420,104506,379926
Other Reportable,2019-08-06,-273838,109410,383248
Other Reportable,2019-07-30,-268624,115382,384006
Other Reportable,2019-07-23,-276681,110037,386718
Other Reportable,2019-07-16,-274116,109704,383820
Other Reportable,2019-07-09,-280320,103867,384187
Other Reportable,2019-07-02,-286511,85739,372250
Other Reportable,2019-06-25,-284400,90941,375341
Other Reportable,2019-06-18,-252519,108713,361232
Other Reportable,2019-06-11,-243865,117502,361367
Other Reportable,2019-06-04,-219757,146856,366613
Other Reportable,2019-05-28,-212329,146023,358352
Other Reportable,2019-05-21,-221496,133786,355282
Other Reportable,2019-05-14,-206860,125733,332593
Other Reportable,2019-05-07,-259715,83419,343134
Other Reportable,2019-04-30,-236013,93784,329797
Other Reportable,2019-04-23,-228119,94708,322827
Other Reportable,2019-04-16,-228615,98973,327588
Other Reportable,2019-04-09,-234702,92721,327423
Other Reportable,2019-04-02,-221823,90127,311950
Other Reportable,2019-03-26,-225291,91070,316361
Other Reportable,2019-03-19,-215574,92607,308181
Other Reportable,2019-03-12,-222298,90236,312534
Other Reportable,2019-03-05,-234367,93798,328165
Other Reportable,2019-02-26,-214160,93029,307189
Other Reportable,2019-02-19,-194651,102282,296933
Other Reportable,2019-02-12,-187944,102888,290832
Other Reportable,2019-02-05,-180540,102207,282747
Other Reportable,2019-01-29,-134698,111663,246361
Other Reportable,2019-01-22,-105904,114260,220164
Other Reportable,2019-01-15,-74387,139570,213957
Other Reportable,2019-01-08,-31326,168832,200158
Other Reportable,2018-12-31,-27883,176777,204660
Other Reportable,2018-12-24,-35944,180535,216479
Other Reportable,2018-12-18,-38222,170725,208947
Other Reportable,2018-12-11,-54883,142389,197272
Other Reportable,2018-12-04,-54400,138831,193231
Other Reportable,2018-11-27,-27671,171166,198837
Other Reportable,2018-11-20,29877,229849,199972
Other Reportable,2018-11-13,18168,207783,189615
Other Reportable,2018-11-06,17369,219879,202510
Other Reportable,2018-10-30,46978,265504,218526
Other Reportable,2018-10-23,21654,245640,223986
Other Reportable,2018-10-16,-16908,209694,226602
Other Reportable,2018-10-09,-27061,187375,214436
Other Reportable,2018-10-02,-55593,158275,213868
Other Reportable,2018-09-25,-47139,155794,202933
Other Reportable,2018-09-18,-68873,150309,219182
Other Reportable,2018-09-11,-85889,127061,212950
Other Reportable,2018-09-04,-99553,124448,224001
Other Reportable,2018-08-28,-109470,119939,229409
Other Reportable,2018-08-21,-111877,122244,234121
Other Reportable,2018-08-14,-96406,129639,226045
Other Reportable,2018-08-07,-97210,128428,225638
Other Reportable,2018-07-31,-97542,125957,223499
Other Reportable,2018-07-24,-75461,118452,193913
Other Reportable,2018-07-17,-89048,116457,205505
Other Reportable,2018-07-10,-72318,116526,188844
Other Reportable,2018-07-03,-58394,130724,189118
Other Reportable,2018-06-26,-41997,149680,191677
Other Reportable,2018-06-19,-61643,133159,194802
Other Reportable,2018-06-12,-44725,143201,187926
Other Reportable,2018-06-05,-32171,160408,192579
Other Reportable,2018-05-29,-33265,161756,195021
Other Reportable,2018-05-22,-27816,160796,188612
Other Reportable,2018-05-15,-25883,160894,186777
Other Reportable,2018-05-08,-17374,158065,175439
Other Reportable,2018-05-01,-7813,163679,171492
Other Reportable,2018-04-24,1329,172653,171324
Other Reportable,2018-04-17,-28560,161156,189716
Other Reportable,2018-04-10,-26446,165040,191486
Other Reportable,2018-04-03,-36739,162272,199011
Other Reportable,2018-03-27,-34071,162671,196742
Other Reportable,2018-03-20,-41365,149639,191004
Other Reportable,2018-03-13,-37045,175119,212164
Other Reportable,2018-03-06,-42912,180596,223508
Other Reportable,2018-02-27,-17052,202111,219163
Other Reportable,2018-02-20,-23613,199099,222712
Other Reportable,2018-02-13,-31230,200303,231533
Other Reportable,2018-02-06,-20307,220586,240893
Other Reportable,2018-01-30,-41375,187010,228385
Other Reportable,2018-01-23,-61667,162857,224524
Other Reportable,2018-01-16,-74299,145207,219506
Other Reportable,2018-01-09,-58485,150086,208571
Other Reportable,2018-01-02,-49352,150475,199827
Other Reportable,2017-12-26,-48903,152860,201763
Other Reportable,2017-12-19,-78356,135748,214104
Other Reportable,2017-12-12,-119083,140112,259195
Other Reportable,2017-12-05,-228212,143325,371537
Other Reportable,2017-11-28,-243739,138648,382387
Other Reportable,2017-11-21,-248065,131378,379443
Other Reportable,2017-11-14,-173023,143947,316970
Other Reportable,2017-11-07,-146623,142968,289591
Other Reportable,2017-10-31,-139833,146094,285927
Other Reportable,2017-10-24,-130144,150651,280795
Other Reportable,2017-10-17,-128781,149870,278651
Other Reportable,2017-10-10,-135880,137947,273827
Other Reportable,2017-10-03,-142988,125942,268930
Other Reportable,2017-09-26,-136070,126922,262992
Other Reportable,2017-09-19,-149645,115782,265427
Other Reportable,2017-09-12,-152672,109841,262513
Other Reportable,2017-09-05,-130435,122557,252992
Other Reportable,2017-08-29,-77985,128874,206859
Other Reportable,2017-08-22,-84896,128157,213053
Other Reportable,2017-08-15,-93401,123036,216437
Other Reportable,2017-08-08,-81011,128107,209118
Other Reportable,2017-08-01,-88752,124123,212875
Other Reportable,2017-07-25,-84126,118702,202828
Other Reportable,2017-07-18,-93206,121682,214888
Other Reportable,2017-07-11,-93500,134676,228176
Other Reportable,2017-07-03,-77198,150805,228003
Other Reportable,2017-06-27,-49784,168471,218255
Other Reportable,2017-06-20,-44823,168050,212873
Other Reportable,2017-06-13,-112851,153565,266416
Other Reportable,2017-06-06,-144152,126200,270352
Other Reportable,2017-05-30,-154421,114040,268461
Other Reportable,2017-05-23,-150858,113700,264558
Other Reportable,2017-05-16,-135663,128427,264090
Other Reportable,2017-05-09,-141204,120381,261585
Other Reportable,2017-05-02,-134413,109575,243988
Other Reportable,2017-04-25,-135068,111293,246361
Other Reportable,2017-04-18,-120970,116357,237327
Other Reportable,2017-04-11,-143424,119600,263024
Other Reportable,2017-04-04,-124356,106174,230530
Other Reportable,2017-03-28,-120207,101815,222022
Other Reportable,2017-03-21,-101429,114190,215619
Other Reportable,2017-03-14,-150254,117461,267715
Other Reportable,2017-03-07,-141455,118916,260371
Other Reportable,2017-02-28,-122360,115775,238135
Other Reportable,2017-02-21,-129536,114588,244124
Other Reportable,2017-02-14,-92878,125155,218033
Other Reportable,2017-02-07,-103374,116948,220322
Other Reportable,2017-01-31,-84153,123449,207602
Other Reportable,2017-01-24,-86219,123673,209892
Other Reportable,2017-01-17,-68000,126490,194490
Other Reportable,2017-01-10,-80016,121350,201366
Other Reportable,2017-01-03,-68030,121347,189377
Other Reportable,2016-12-27,-76553,111649,188202
Other Reportable,2016-12-20,-72852,109017,181869
Other Reportable,2016-12-13,-75809,127795,203604
Other Reportable,2016-12-06,-69359,116777,186136
Other Reportable,2016-11-29,-81057,116939,197996
Other Reportable,2016-11-22,-74419,113556,187975
Other Reportable,2016-11-15,-49530,111245,160775
Other Reportable,2016-11-08,-55853,106286,162139
Other Reportable,2016-11-01,-36606,116147,152753
Other Reportable,2016-10-25,-52999,104984,157983
Other Reportable,2016-10-18,-29890,125267,155157
Other Reportable,2016-10-11,-39584,125562,165146
Other Reportable,2016-10-04,-16187,134946,151133
Other Reportable,2016-09-27,-29390,130082,159472
Other Reportable,2016-09-20,-21882,132787,154669
Other Reportable,2016-09-13,-69033,148260,217293
Other Reportable,2016-09-06,-87850,146290,234140
Other Reportable,2016-08-30,-79532,148078,227610
Other Reportable,2016-08-23,-93881,147940,241821
Other Reportable,2016-08-16,-97071,146208,243279
Other Reportable,2016-08-09,-101556,142546,244102
Other Reportable,2016-08-02,-89550,140655,230205
Other Reportable,2016-07-26,-108351,135893,244244
Other Reportable,2016-07-19,-100024,135661,235685
Other Reportable,2016-07-12,-94409,135448,229857
Other Reportable,2016-07-05,-82836,129596,212432
Other Reportable,2016-06-28,-76284,125435,201719
Other Reportable,2016-06-21,-67479,128014,195493
Other Reportable,2016-06-14,-114736,134744,249480
Other Reportable,2016-06-07,-103165,128078,231243
Other Reportable,2016-05-31,-106194,131194,237388
Other Reportable,2016-05-24,-90958,136193,227151
Other Reportable,2016-05-17,-79248,139662,218910
Other Reportable,2016-05-10,-113233,132042,245275
Other Reportable,2016-05-03,-112487,133623,246110
Other Reportable,2016-04-26,-118695,133124,251819
Other Reportable,2016-04-19,-126235,134997,261232
Other Reportable,2016-04-12,-116083,133895,249978
Other Reportable,2016-04-05,-120866,129222,250088
Other Reportable,2016-03-29,-125742,125569,251311
Other Reportable,2016-03-22,-129690,117515,247205
Other Reportable,2016-03-15,-119410,124641,244051
Other Reportable,2016-03-08,-109962,122695,232657
Other Reportable,2016-03-01,-104282,126713,230995
Other Reportable,2016-02-23,-101014,121286,222300
Other Reportable,2016-02-16,-65023,138178,203201
Other Reportable,2016-02-09,-106779,124764,231543
Other Reportable,2016-02-02,-59495,125968,185463
Other Reportable,2016-01-26,-42189,138493,180682
Other Reportable,2016-01-19,-85802,122306,208108
Other Reportable,2016-01-12,-113066,107231,220297
Other Reportable,2016-01-05,-61000,123461,184461
Other Reportable,2015-12-29,-97494,104573,202067
Other Reportable,2015-12-22,-92125,111529,203654
Other Reportable,2015-12-15,-120129,118637,238766
Other Reportable,2015-12-08,-124951,99751,224702
Other Reportable,2015-12-01,-151421,96770,248191
Other Reportable,2015-11-24,-156656,97179,253835
Other Reportable,2015-11-17,-140591,95913,236504
Other Reportable,2015-11-10,-148311,92614,240925
Other Reportable,2015-11-03,-113113,104241,217354
Other Reportable,2015-10-27,-74859,130312,205171
Other Reportable,2015-10-20,-91708,129210,220918
Other Reportable,2015-10-13,-86952,117447,204399
Other Reportable,2015-10-06,-78290,131126,209416
Other Reportable,2015-09-29,-81642,130733,212375
Other Reportable,2015-09-22,-99635,123393,223028
Other Reportable,2015-09-15,-217869,112375,330244
Other Reportable,2015-09-08,-240136,118686,358822
Other Reportable,2015-09-01,-157679,120937,278616
Other Reportable,2015-08-25,-108448,131848,240296
Other Reportable,2015-08-18,-114306,109871,224177
Other Reportable,2015-08-11,-115482,113408,228890
Other Reportable,2015-08-04,-123873,110406,234279
Other Reportable,2015-07-28,-112945,109809,222754
Other Reportable,2015-07-21,-107898,105515,213413
Other Reportable,2015-07-14,-108906,108392,217298
Other Reportable,2015-07-07,-122359,98923,221282
Other Reportable,2015-06-30,-109972,108014,217986
Other Reportable,2015-06-23,-97060,106793,203853
Other Reportable,2015-06-16,-117907,117330,235237
Other Reportable,2015-06-09,-117911,122655,240566
Other Reportable,2015-06-02,-129692,120981,250673
Other Reportable,2015-05-26,-121499,119328,240827
Other Reportable,2015-05-19,-126048,115789,241837
Other Reportable,2015-05-12,-112192,119242,231434
Other Reportable,2015-05-05,-113325,119442,232767
Other Reportable,2015-04-28,-117733,115447,233180
Other Reportable,2015-04-21,-114795,114327,229122
Other Reportable,2015-04-14,-94322,121923,216245
Other Reportable,2015-04-07,-82115,126628,208743
Other Reportable,2015-03-31,-81340,137179,218519
Other Reportable,2015-03-24,-85955,135054,221009
Other Reportable,2015-03-17,-121420,129184,250604
Other Reportable,2015-03-10,-99203,142909,242112
Other Reportable,2015-03-03,-118743,128095,246838
Other Reportable,2015-02-24,-111998,119923,231921
Other Reportable,2015-02-17,-81603,128300,209903
Other Reportable,2015-02-10,-72816,130294,203110
Other Reportable,2015-02-03,-75368,130954,206322
Other Reportable,2015-01-27,-82084,135882,217966
Other Reportable,2015-01-20,-81563,136491,218054
Other Reportable,2015-01-13,-84483,135950,220433
Other Reportable,2015-01-06,-72636,145302,217938
Other Reportable,2014-12-30,-46818,159031,205849
Other Reportable,2014-12-23,-56052,157655,213707
Other Reportable,2014-12-16,-28995,179638,208633
Other Reportable,2014-12-09,-54636,152978,207614
Other Reportable,2014-12-02,-51372,156826,208198
Other Reportable,2014-11-25,-52784,159910,212694
Other Reportable,2014-11-18,-40749,163448,204197
Other Reportable,2014-11-11,-41347,156843,198190
Other Reportable,2014-11-04,-34060,162112,196172
Other Reportable,2014-10-28,-30372,165696,196068
Other Reportable,2014-10-21,-26787,166071,192858
Other Reportable,2014-10-14,-29243,178018,207261
Other Reportable,2014-10-07,-28294,171231,199525
Other Reportable,2014-09-30,-31016,168647,199663
Other Reportable,2014-09-23,-39515,174439,213954
Other Reportable,2014-09-16,-33208,201180,234388
Other Reportable,2014-09-09,-42954,189661,232615
Other Reportable,2014-09-02,-39683,197611,237294
Other Reportable,2014-08-26,-16894,199781,216675
Other Reportable,2014-08-19,8452,203899,195447
Other Reportable,2014-08-12,17912,204790,186878
Other Reportable,2014-08-05,15970,206190,190220
Other Reportable,2014-07-29,6804,226038,219234
Other Reportable,2014-07-22,9748,221597,211849
Other Reportable,2014-07-15,21736,232662,210926
Other Reportable,2014-07-08,19043,233011,213968
Other Reportable,2014-07-01,25414,249993,224579
Other Reportable,2014-06-24,28322,233555,205233
Other Reportable,2014-06-17,-45969,236746,282715
Other Reportable,2014-06-10,-42263,247700,289963
Other Reportable,2014-06-03,-29334,235432,264766
Other Reportable,2014-05-27,770,243234,242464
Other Reportable,2014-05-20,7510,222727,215217
Other Reportable,2014-05-13,-9305,221033,230338
Other Reportable,2014-05-06,1686,219108,217422
Other Reportable,2014-04-29,14250,226415,212165
Other Reportable,2014-04-22,6469,211722,205253
Other Reportable,2014-04-15,33007,227704,194697
Other Reportable,2014-04-08,48370,231143,182773
Other Reportable,2014-04-01,-25447,214733,240180
Other Reportable,2014-03-25,716,236853,236137
Other Reportable,2014-03-18,-88360,218472,306832
Other Reportable,2014-03-11,-82963,208383,291346
Other Reportable,2014-03-04,-68408,208936,277344
Other Reportable,2014-02-25,-41077,218486,259563
Other Reportable,2014-02-18,-64719,200182,264901
Other Reportable,2014-02-11,-38843,211404,250247
Other Reportable,2014-02-04,14606,217409,202803
Other Reportable,2014-01-28,-9905,211321,221226
Other Reportable,2014-01-21,10020,225815,215795
Other Reportable,2014-01-14,-65724,217853,283577
Other Reportable,2014-01-07,-54274,212577,266851
Other Reportable,2013-12-31,-58570,208787,267357
Other Reportable,2013-12-24,-26041,219586,245627
Other Reportable,2013-12-17,-112715,179045,291760
Other Reportable,2013-12-10,-112581,175487,288068
Other Reportable,2013-12-03,-133324,177597,310921
Other Reportable,2013-11-26,-98813,190335,289148
Other Reportable,2013-11-19,-106807,192573,299380
Other Reportable,2013-11-12,-99327,186117,285444
Other Reportable,2013-11-05,-75623,185695,261318
Other Reportable,2013-10-29,-70793,185941,256734
Other Reportable,2013-10-22,-29714,187205,216919
Other Reportable,2013-10-15,-3086,196073,199159
Other Reportable,2013-10-08,28991,214450,185459
Other Reportable,2013-10-01,31233,206822,175589
Other Reportable,2013-09-24,31028,200871,169843
Other Reportable,2013-09-17,-62608,186014,248622
Other Reportable,2013-09-10,-52548,185351,237899
Other Reportable,2013-09-03,-3744,201221,204965
Other Reportable,2013-08-27,59752,259049,199297
Other Reportable,2013-08-20,53793,243659,189866
Other Reportable,2013-08-13,27024,248424,221400
Other Reportable,2013-08-06,43430,245850,202420
Other Reportable,2013-07-30,34850,231406,196556
Other Reportable,2013-07-23,32881,237255,204374
Other Reportable,2013-07-16,18553,228180,209627
Other Reportable,2013-07-09,-16709,192934,209643
Other Reportable,2013-07-02,-9177,199130,208307
Other Reportable,2013-06-25,20135,217333,197198
Other Reportable,2013-06-18,46192,253926,207734
Other Reportable,2013-06-11,71240,252095,180855
Other Reportable,2013-06-04,72280,236249,163969
Other Reportable,2013-05-28,82972,256267,173295
Other Reportable,2013-05-21,68730,249033,180303
Other Reportable,2013-05-14,56918,244965,188047
Other Reportable,2013-05-07,58039,238305,180266
Other Reportable,2013-04-30,35477,199757,164280
Other Reportable,2013-04-23,25915,196031,170116
Other Reportable,2013-04-16,38504,189571,151067
Other Reportable,2013-04-09,43029,182275,139246
Other Reportable,2013-04-02,40725,188710,147985
Other Reportable,2013-03-26,46059,187304,141245
Other Reportable,2013-03-19,58095,187834,129739
Other Reportable,2013-03-12,56087,234300,178213
Other Reportable,2013-03-05,17515,202788,185273
Other Reportable,2013-02-26,-4034,181933,185967
Other Reportable,2013-02-19,-18543,168713,187256
Other Reportable,2013-02-12,-4774,174386,179160
Other Reportable,2013-02-05,16931,171281,154350
Other Reportable,2013-01-29,-115,166023,166138
Other Reportable,2013-01-22,8417,158460,150043
Other Reportable,2013-01-15,7675,158613,150938
Other Reportable,2013-01-08,25617,170211,144594
Other Reportable,2012-12-31,29385,155801,126416
Other Reportable,2012-12-24,27242,152985,125743
Other Reportable,2012-12-18,-8602,156130,164732
Other Reportable,2012-12-11,6513,167785,161272
Other Reportable,2012-12-04,-12359,159638,171997
Other Reportable,2012-11-27,-4376,160514,164890
Other Reportable,2012-11-20,7819,154313,146494
Other Reportable,2012-11-13,17639,157134,139495
Other Reportable,2012-11-06,-3091,139708,142799
Other Reportable,2012-10-30,-14437,132212,146649
Other Reportable,2012-10-23,2733,128920,126187
Other Reportable,2012-10-16,564,132755,132191
Other Reportable,2012-10-09,14516,134862,120346
Other Reportable,2012-10-02,-5733,132854,138587
Other Reportable,2012-09-25,-9471,137598,147069
Other Reportable,2012-09-18,-20680,168481,189161
Other Reportable,2012-09-11,-21801,167072,188873
Other Reportable,2012-09-04,-13551,163911,177462
Other Reportable,2012-08-28,-19307,164004,183311
Other Reportable,2012-08-21,-19171,172548,191719
Other Reportable,2012-08-14,9862,181584,171722
Other Reportable,2012-08-07,13545,181094,167549
Other Reportable,2012-07-31,-6237,152079,158316
Other Reportable,2012-07-24,10420,148679,138259
Other Reportable,2012-07-17,2483,140691,138208
Other Reportable,2012-07-10,14954,141475,126521
Other Reportable,2012-07-03,-16582,148586,165168
Other Reportable,2012-06-26,31148,146309,115161
Other Reportable,2012-06-19,18703,141138,122435
Other Reportable,2012-06-12,-29615,136955,166570
Other Reportable,2012-06-05,-54904,101121,156025
Other Reportable,2012-05-29,-55737,109902,165639
Other Reportable,2012-05-22,-31215,120041,151256
Other Reportable,2012-05-15,-6829,135714,142543
Other Reportable,2012-05-08,34681,163944,129263
Other Reportable,2012-05-01,-5024,150091,155115
Other Reportable,2012-04-24,2339,151321,148982
Other Reportable,2012-04-17,-13116,148829,161945
Other Reportable,2012-04-10,-11959,137388,149347
Other Reportable,2012-04-03,-40984,131258,172242
Other Reportable,2012-03-27,-34464,123636,158100
Other Reportable,2012-03-20,-26761,119221,145982
Other Reportable,2012-03-13,-9949,145776,155725
Other Reportable,2012-03-06,28937,150997,122060
Other Reportable,2012-02-28,-19292,130175,149467
Other Reportable,2012-02-21,-18200,128618,146818
Other Reportable,2012-02-14,-1905,141675,143580
Other Reportable,2012-02-07,17255,143292,126037
Other Reportable,2012-01-31,33702,146808,113106
Other Reportable,2012-01-24,13827,137975,124148
Other Reportable,2012-01-17,-1099,126235,127334
Other Reportable,2012-01-10,18121,134147,116026
Other Reportable,2012-01-03,11977,120567,108590
Other Reportable,2011-12-27,17747,112509,94762
Other Reportable,2011-12-20,11308,105189,93881
Other Reportable,2011-12-13,-77339,86347,163686
Other Reportable,2011-12-06,-77501,84980,162481
Other Reportable,2011-11-29,-65574,92533,158107
Other Reportable,2011-11-22,-99960,88222,188182
Other Reportable,2011-11-15,-122465,88789,211254
Other Reportable,2011-11-08,-110274,93745,204019
Other Reportable,2011-11-01,-104471,92340,196811
Other Reportable,2011-10-25,-123114,88599,211713
Other Reportable,2011-10-18,-129652,86338,215990
Other Reportable,2011-10-11,-109350,83135,192485
Other Reportable,2011-10-04,-106057,90387,196444
Other Reportable,2011-09-27,-133561,84461,218022
Other Reportable,2011-09-20,-104157,82488,186645
Other Reportable,2011-09-13,-223677,98002,321679
Other Reportable,2011-09-06,-232860,91285,324145
Other Reportable,2011-08-30,-213434,88020,301454
Other Reportable,2011-08-23,-202493,87623,290116
Other Reportable,2011-08-16,-137107,103685,240792
Other Reportable,2011-08-09,-124821,125945,250766
Other Reportable,2011-08-02,-79728,127318,207046
Other Reportable,2011-07-26,-138358,100197,238555
Other Reportable,2011-07-19,-138492,97141,235633
Other Reportable,2011-07-12,-128807,105172,233979
Other Reportable,2011-07-05,-129257,107145,236402
Other Reportable,2011-06-28,-93423,111691,205114
Other Reportable,2011-06-21,-90489,116136,206625
Other Reportable,2011-06-14,7591,136501,128910
Other Reportable,2011-06-07,17756,159812,142056
Other Reportable,2011-05-31,-17368,153382,170750
Other Reportable,2011-05-24,-6337,143905,150242
Other Reportable,2011-05-17,973,135437,134464
Other Reportable,2011-05-10,-30681,119788,150469
Other Reportable,2011-05-03,-28775,122482,151257
Other Reportable,2011-04-26,-10884,106552,117436
Other Reportable,2011-04-19,3675,103944,100269
Other Reportable,2011-04-12,4115,90689,86574
Other Reportable,2011-04-05,-15404,85273,100677
Other Reportable,2011-03-29,-20707,75461,96168
Other Reportable,2011-03-22,-2058,84125,86183
Other Reportable,2011-03-15,-40963,101462,142425
Other Reportable,2011-03-08,-53892,106723,160615
Other Reportable,2011-03-01,-25272,112615,137887
Other Reportable,2011-02-22,-79031,104920,183951
Other Reportable,2011-02-15,-34815,111485,146300
Other Reportable,2011-02-08,-48648,92185,140833
Other Reportable,2011-02-01,-41054,84003,125057
Other Reportable,2011-01-25,-30133,83020,113153
Other Reportable,2011-01-18,-11968,83744,95712
Other Reportable,2011-01-11,-15685,73499,89184
Other Reportable,2011-01-04,-21142,71378,92520
Other Reportable,2010-12-28,-2717,71301,74018
Other Reportable,2010-12-21,5508,71712,66204
Other Reportable,2010-12-14,-56128,75810,131938
Other Reportable,2010-12-07,-59415,67238,126653
Other Reportable,2010-11-30,-48328,61775,110103
Other Reportable,2010-11-23,-46763,62602,109365
Other Reportable,2010-11-16,-37135,67003,104138
Other Reportable,2010-11-09,-41931,72142,114073
Other Reportable,2010-11-02,-52707,63226,115933
Other Reportable,2010-10-26,-60697,50836,111533
Other Reportable,2010-10-19,-37568,53105,90673
Other Reportable,2010-10-12,-41274,53533,94807
Other Reportable,2010-10-05,-52097,47767,99864
Other Reportable,2010-09-28,-45235,39553,84788
Other Reportable,2010-09-21,-39933,37129,77062
Other Reportable,2010-09-14,-51103,82225,133328
Other Reportable,2010-09-07,-45648,80842,126490
Other Reportable,2010-08-31,-57964,82535,140499
Other Reportable,2010-08-24,-62843,72957,135800
Other Reportable,2010-08-17,-48486,64352,112838
Other Reportable,2010-08-10,-35162,59129,94291
Other Reportable,2010-08-03,-43816,48866,92682
Other Reportable,2010-07-27,-48919,40253,89172
Other Reportable,2010-07-20,-38572,48273,86845
Other Reportable,2010-07-13,-27139,49243,76382
Other Reportable,2010-07-06,-19572,48722,68294
Other Reportable,2010-06-29,-8864,42138,51002
Other Reportable,2010-06-22,-7459,38919,46378
Other Reportable,2010-06-15,-73263,32131,105394
Other Reportable,2010-06-08,-91081,42488,133569
Other Reportable,2010-06-01,-84585,37599,122184
Other Reportable,2010-05-25,-70266,41162,111428
Other Reportable,2010-05-18,-62972,39404,102376
Other Reportable,2010-05-11,-46936,47151,94087
Other Reportable,2010-05-04,-67282,40531,107813
Other Reportable,2010-04-27,-63982,44685,108667
Other Reportable,2010-04-20,-65476,37263,102739
Other Reportable,2010-04-13,-50053,34566,84619
Other Reportable,2010-04-06,-42039,33594,75633
Other Reportable,2010-03-30,-38151,30152,68303
Other Reportable,2010-03-23,-30423,34840,65263
Other Reportable,2010-03-16,-104029,29849,133878
Other Reportable,2010-03-09,-92085,32266,124351
Other Reportable,2010-03-02,-80337,42195,122532
Other Reportable,2010-02-23,-72866,38195,111061
Other Reportable,2010-02-16,-73137,31898,105035
Other Reportable,2010-02-09,-72218,32289,104507
Other Reportable,2010-02-02,-71851,34205,106056
Other Reportable,2010-01-26,-59590,34130,93720
Other Reportable,2010-01-19,-62121,32433,94554
Other Reportable,2010-01-12,-51094,33988,85082
Other Reportable,2010-01-05,-58599,24813,83412
Other Reportable,2009-12-29,-38095,35379,73474
Other Reportable,2009-12-22,-28940,40528,69468
Other Reportable,2009-12-15,-28937,40040,68977
Other Reportable,2009-12-08,-22827,39057,61884
Other Reportable,2009-12-01,-30873,35066,65939
Other Reportable,2009-11-24,-31031,32951,63982
Other Reportable,2009-11-17,-28942,33852,62794
Other Reportable,2009-11-09,-34103,33760,67863
Other Reportable,2009-11-03,-26486,33530,60016
Other Reportable,2009-10-27,-18407,49105,67512
Other Reportable,2009-10-20,-27333,37643,64976
Other Reportable,2009-10-13,-12410,43021,55431
Other Reportable,2009-10-06,-8894,45740,54634
Other Reportable,2009-09-29,-13197,41123,54320
Other Reportable,2009-09-22,1795,53372,51577
Other Reportable,2009-09-15,-14974,54042,69016
Other Reportable,2009-09-08,-51361,40523,91884
Other Reportable,2009-09-01,-49726,39580,89306
Other Reportable,2009-08-25,-42620,51029,93649
Other Reportable,2009-08-18,-46078,46875,92953
Other Reportable,2009-08-11,-47642,42662,90304
Other Reportable,2009-08-04,-56302,35191,91493
Other Reportable,2009-07-28,-31557,37986,69543
Other Reportable,2009-07-21,-28861,42283,71144
Other Reportable,2009-07-14,-29379,37512,66891
Other Reportable,2009-07-07,-24283,37982,62265
Other Reportable,2009-06-30,-23260,41807,65067
Other Reportable,2009-06-23,-26313,44586,70899
Other Reportable,2009-06-16,-27638,53035,80673
Other Reportable,2009-06-09,-22939,56044,78983
Other Reportable,2009-06-02,-41135,54282,95417
Other Reportable,2009-05-26,-46343,45973,92316
Other Reportable,2009-05-19,-44657,43268,87925
Other Reportable,2009-05-12,-40808,47951,88759
Other Reportable,2009-05-05,-58646,44747,103393
Other Reportable,2009-04-28,-54266,36963,91229
Other Reportable,2009-04-21,-31768,45122,76890
Other Reportable,2009-04-14,-38081,39091,77172
Other Reportable,2009-04-07,-33211,36023,69234
Other Reportable,2009-03-31,-27402,38584,65986
Other Reportable,2009-03-24,-29647,42472,72119
Other Reportable,2009-03-17,-26378,46936,73314
Other Reportable,2009-03-10,-19576,55761,75337
Other Reportable,2009-03-03,-316,67643,67959
Other Reportable,2009-02-24,-12658,62293,74951
Other Reportable,2009-02-17,-2816,60422,63238
Other Reportable,2009-02-10,8564,58450,49886
Other Reportable,2009-02-03,1870,53630,51760
Other Reportable,2009-01-27,4901,52998,48097
Other Reportable,2009-01-20,6058,62865,56807
Other Reportable,2009-01-13,29162,65856,36694
Other Reportable,2009-01-06,31064,63401,32337
Other Reportable,2008-12-30,45092,73878,28786
Other Reportable,2008-12-22,26206,69855,43649
Other Reportable,2008-12-16,-11183,53061,64244
Other Reportable,2008-12-09,-11316,54413,65729
Other Reportable,2008-12-02,-51308,73162,124470
Other Reportable,2008-11-25,-57162,72474,129636
Other Reportable,2008-11-18,-37894,69989,107883
Other Reportable,2008-11-11,-3712,75456,79168
Other Reportable,2008-11-04,-17707,67485,85192
Other Reportable,2008-10-28,-14710,67173,81883
Other Reportable,2008-10-21,-18456,74613,93069
Other Reportable,2008-10-14,-4058,75293,79351
Other Reportable,2008-10-07,11695,91678,79983
Other Reportable,2008-09-30,-8034,66661,74695
Other Reportable,2008-09-23,-23904,52072,75976
Other Reportable,2008-09-16,-26176,61180,87356
Other Reportable,2008-09-09,908,75020,74112
Other Reportable,2008-09-02,-43724,53861,97585
Other Reportable,2008-08-26,-41246,53405,94651
Other Reportable,2008-08-19,-27172,62082,89254
Other Reportable,2008-08-12,-23658,74181,97839
Other Reportable,2008-08-05,-28649,73108,101757
Other Reportable,2008-07-29,-32349,65281,97630
Other Reportable,2008-07-22,-24957,70958,95915
Other Reportable,2008-07-15,-28181,58023,86204
Other Reportable,2008-07-08,-28768,49345,78113
Other Reportable,2008-07-01,-30130,50959,81089
Other Reportable,2008-06-24,-62772,30123,92895
Other Reportable,2008-06-17,-73903,33136,107039
Other Reportable,2008-06-10,-89343,32591,121934
Other Reportable,2008-06-03,-82797,30326,113123
Other Reportable,2008-05-27,-95036,29210,124246
Other Reportable,2008-05-20,-100778,29311,130089
Other Reportable,2008-05-13,-110063,30304,140367
Other Reportable,2008-05-06,-116868,33228,150096
Other Reportable,2008-04-29,-118090,28533,146623
Other Reportable,2008-04-22,-107657,29125,136782
Other Reportable,2008-04-15,-90123,35599,125722
Other Reportable,2008-04-08,-99879,31646,131525
Other Reportable,2008-04-01,-91927,36309,128236
Other Reportable,2008-03-25,-76413,47408,123821
Other Reportable,2008-03-18,-68097,88880,156977
Other Reportable,2008-03-11,-86681,60476,147157
Other Reportable,2008-03-04,-106575,57883,164458
Other Reportable,2008-02-26,-98617,51248,149865
Other Reportable,2008-02-19,-98438,55361,153799
Other Reportable,2008-02-12,-90480,59443,149923
Other Reportable,2008-02-05,-80647,55777,136424
Other Reportable,2008-01-29,-61145,63735,124880
Other Reportable,2008-01-22,-47406,71906,119312
Other Reportable,2008-01-15,-53441,54378,107819
Other Reportable,2008-01-08,-56107,48335,104442
Other Reportable,2007-12-31,-104990,33104,138094
Other Reportable,2007-12-24,-101118,29613,130731
Other Reportable,2007-12-18,-155321,40191,195512
Other Reportable,2007-12-11,-150583,36946,187529
Other Reportable,2007-12-04,-131923,43147,175070
Other Reportable,2007-11-27,-112823,65873,178696
Other Reportable,2007-11-20,-111046,63099,174145
Other Reportable,2007-11-13,-96363,68428,164791
Other Reportable,2007-11-06,-137263,54199,191462
Other Reportable,2007-10-30,-113872,56937,170809
Other Reportable,2007-10-23,-107166,50801,157967
Other Reportable,2007-10-16,-109193,53972,163165
Other Reportable,2007-10-09,-92244,54321,146565
Other Reportable,2007-10-02,-84675,48640,133315
Other Reportable,2007-09-25,-73993,46793,120786
Other Reportable,2007-09-18,-108475,45401,153876
Other Reportable,2007-09-11,-91243,42982,134225
Other Reportable,2007-09-04,-70119,45118,115237
Other Reportable,2007-08-28,-49860,58882,108742
Other Reportable,2007-08-21,-57024,61285,118309
Other Reportable,2007-08-14,-51803,66945,118748
Other Reportable,2007-08-07,-88240,58776,147016
Other Reportable,2007-07-31,-99610,55880,155490
Other Reportable,2007-07-24,-89638,54311,143949
Other Reportable,2007-07-17,-85610,46926,132536
Other Reportable,2007-07-10,-94556,40642,135198
Other Reportable,2007-07-03,-70679,48874,119553
Other Reportable,2007-06-26,-64500,48651,113151
Other Reportable,2007-06-19,-76605,38330,114935
Other Reportable,2007-06-12,-137557,43914,181471
Other Reportable,2007-06-05,-159381,38116,197497
Other Reportable,2007-05-29,-160104,37653,197757
Other Reportable,2007-05-22,-161636,36677,198313
Other Reportable,2007-05-15,-156133,36713,192846
Other Reportable,2007-05-08,-152034,35656,187690
Other Reportable,2007-05-01,-142387,34062,176449
Other Reportable,2007-04-24,-155346,33406,188752
Other Reportable,2007-04-17,-138291,44407,182698
Other Reportable,2007-04-10,-118273,34831,153104
Other Reportable,2007-04-03,-108991,37191,146182
Other Reportable,2007-03-27,-81514,38446,119960
Other Reportable,2007-03-20,-77909,39653,117562
Other Reportable,2007-03-13,-48978,58869,107847
Other Reportable,2007-03-06,-61149,53950,115099
Other Reportable,2007-02-27,-65196,58699,123895
Other Reportable,2007-02-20,-102791,45440,148231
Other Reportable,2007-02-13,-86121,47062,133183
Other Reportable,2007-02-06,-90071,40324,130395
Other Reportable,2007-01-30,-68358,39313,107671
Other Reportable,2007-01-23,-62030,31810,93840
Other Reportable,2007-01-16,-61652,28931,90583
Other Reportable,2007-01-09,-36676,28681,65357
Other Reportable,2007-01-03,-26685,29135,55820
Other Reportable,2006-12-26,-25212,25893,51105
Other Reportable,2006-12-19,-25180,28001,53181
Other Reportable,2006-12-12,-92078,39888,131966
Other Reportable,2006-12-05,-92984,34046,127030
Other Reportable,2006-11-28,-79595,27921,107516
Other Reportable,2006-11-21,-85981,29462,115443
Other Reportable,2006-11-14,-89942,26048,115990
Other Reportable,2006-11-07,-87136,23638,110774
Other Reportable,2006-10-31,-69094,27270,96364
Other Reportable,2006-10-24,-67498,27959,95457
Other Reportable,2006-10-17,-65992,27248,93240
Other Reportable,2006-10-10,-62039,22383,84422
Other Reportable,2006-10-03,-47238,28223,75461
Other Reportable,2006-09-26,-31724,34376,66100
Other Reportable,2006-09-19,-21785,30536,52321
Other Reportable,2006-09-12,-26622,34693,61315
Other Reportable,2006-09-05,-43076,27833,70909
Other Reportable,2006-08-29,-21577,36547,58124
Other Reportable,2006-08-22,-33896,27070,60966
Other Reportable,2006-08-15,-26655,34513,61168
Other Reportable,2006-08-08,-15956,38556,54512
Other Reportable,2006-08-01,-26013,33562,59575
Other Reportable,2006-07-25,-19305,33831,53136
Other Reportable,2006-07-18,-8907,40165,49072
Other Reportable,2006-07-11,-16763,31196,47959
Other Reportable,2006-07-03,-15547,29448,44995
Other Reportable,2006-06-27,-2388,38501,40889
Other Reportable,2006-06-20,684,42580,41896
Other Reportable,2006-06-13,-28923,38496,67419
Leveraged Funds,2024-10-08,-409031,282269,691300
Leveraged Funds,2024-10-01,-402437,252411,654848
Leveraged Funds,2024-09-24,-414166,248935,663101
Leveraged Funds,2024-09-17,-459429,288545,747974
Leveraged Funds,2024-09-10,-329488,321266,650754
Leveraged Funds,2024-09-03,-361335,305648,666983
Leveraged Funds,2024-08-27,-449828,303409,753237
Leveraged Funds,2024-08-20,-484180,274187,758367
Leveraged Funds,2024-08-13,-382084,270186,652270
Leveraged Funds,2024-08-06,-292427,308316,600743
Leveraged Funds,2024-07-30,-337032,298127,635159
Leveraged Funds,2024-07-23,-374467,273937,648404
Leveraged Funds,2024-07-09,-457364,241043,698407
Leveraged Funds,2024-06-25,-428411,205744,634155
Leveraged Funds,2024-06-18,-534385,231858,766243
Leveraged Funds,2024-06-11,-508184,234150,742334
Leveraged Funds,2024-06-04,-482708,239232,721940
Leveraged Funds,2024-05-28,-494684,269178,763862
Leveraged Funds,2024-05-21,-470854,262726,733580
Leveraged Funds,2024-05-14,-442954,262772,705726
Leveraged Funds,2024-05-07,-391878,253513,645391
Leveraged Funds,2024-04-30,-308766,264241,573007
Leveraged Funds,2024-04-23,-327925,287500,615425
Leveraged Funds,2024-04-16,-340032,285787,625819
Leveraged Funds,2024-04-09,-451044,248932,699976
Leveraged Funds,2024-04-02,-475459,248592,724051
Leveraged Funds,2024-03-26,-550437,237261,787698
Leveraged Funds,2024-03-19,-504314,224431,728745
Leveraged Funds,2024-03-12,-573452,290567,864019
Leveraged Funds,2024-03-05,-492908,312816,805724
Leveraged Funds,2024-02-27,-511087,304879,815966
Leveraged Funds,2024-02-20,-496758,275268,772026
Leveraged Funds,2024-02-13,-458743,309115,767858
Leveraged Funds,2024-02-06,-480440,299251,779691
Leveraged Funds,2024-01-30,-482611,331539,814150
Leveraged Funds,2024-01-23,-447554,344715,792269
Leveraged Funds,2024-01-16,-354166,310542,664708
Leveraged Funds,2024-01-09,-394823,294514,689337
Leveraged Funds,2024-01-02,-479672,290568,770240
Leveraged Funds,2023-12-26,-467100,287885,754985
Leveraged Funds,2023-12-19,-422229,275923,698152
Leveraged Funds,2023-12-12,-431275,368532,799807
Leveraged Funds,2023-12-05,-411163,333577,744740
Leveraged Funds,2023-11-28,-336166,332920,669086
Leveraged Funds,2023-11-21,-339704,306759,646463
Leveraged Funds,2023-11-14,-302533,357796,660329
Leveraged Funds,2023-11-07,-276448,367726,644174
Leveraged Funds,2023-10-31,-257524,331585,589109
Leveraged Funds,2023-10-24,-247227,336571,583798
Leveraged Funds,2023-10-17,-306188,283001,589189
Leveraged Funds,2023-10-10,-342581,256885,599466
Leveraged Funds,2023-10-03,-354414,267820,622234
Leveraged Funds,2023-09-26,-390882,266822,657704
Leveraged Funds,2023-09-19,-399169,196673,595842
Leveraged Funds,2023-09-12,-339321,297559,636880
Leveraged Funds,2023-09-05,-421433,255872,677305
Leveraged Funds,2023-08-29,-451149,261006,712155
Leveraged Funds,2023-08-22,-440145,246791,686936
Leveraged Funds,2023-08-15,-401516,268887,670403
Leveraged Funds,2023-08-08,-420359,302958,723317
Leveraged Funds,2023-08-01,-458381,291541,749922
Leveraged Funds,2023-07-25,-446753,296848,743601
Leveraged Funds,2023-07-18,-401465,344917,746382
Leveraged Funds,2023-07-11,-346440,328588,675028
Leveraged Funds,2023-07-03,-320709,328045,648754
Leveraged Funds,2023-06-27,-351820,289229,641049
Leveraged Funds,2023-06-20,-410286,278168,688454
Leveraged Funds,2023-06-13,-572478,336461,908939
Leveraged Funds,2023-06-06,-608616,361332,969948
Leveraged Funds,2023-05-30,-575190,363404,938594
Leveraged Funds,2023-05-23,-555958,324157,880115
Leveraged Funds,2023-05-16,-533493,303336,836829
Leveraged Funds,2023-05-09,-552813,309884,862697
Leveraged Funds,2023-05-02,-507724,297660,805384
Leveraged Funds,2023-04-25,-521598,288838,810436
Leveraged Funds,2023-04-18,-587120,266362,853482
Leveraged Funds,2023-04-11,-572185,259365,831550
Leveraged Funds,2023-04-04,-622406,219841,842247
Leveraged Funds,2023-03-28,-509076,207134,716210
Leveraged Funds,2023-03-21,-521654,197175,718829
Leveraged Funds,2023-03-14,-291987,274076,566063
Leveraged Funds,2023-03-07,-365294,280212,645506
Leveraged Funds,2023-02-28,-352376,306921,659297
Leveraged Funds,2023-02-21,-422121,258981,681102
Leveraged Funds,2023-02-14,-489165,230737,719902
Leveraged Funds,2023-02-07,-464866,251659,716525
Leveraged Funds,2023-01-31,-464411,255390,719801
Leveraged Funds,2023-01-24,-441823,252801,694624
Leveraged Funds,2023-01-17,-447874,266225,714099
Leveraged Funds,2023-01-10,-366045,276490,642535
Leveraged Funds,2023-01-03,-319084,284765,603849
Leveraged Funds,2022-12-27,-307485,269448,576933
Leveraged Funds,2022-12-20,-263750,291017,554767
Leveraged Funds,2022-12-13,-538363,246523,784886
Leveraged Funds,2022-12-06,-509204,259351,768555
Leveraged Funds,2022-11-29,-490188,266178,756366
Leveraged Funds,2022-11-22,-515349,254603,769952
Leveraged Funds,2022-11-15,-568711,270594,839305
Leveraged Funds,2022-11-08,-461693,326775,788468
Leveraged Funds,2022-11-01,-453888,311587,765475
Leveraged Funds,2022-10-25,-517091,295374,812465
Leveraged Funds,2022-10-18,-482363,298547,780910
Leveraged Funds,2022-10-11,-424482,304376,728858
Leveraged Funds,2022-10-04,-421225,276432,697657
Leveraged Funds,2022-09-27,-393714,314168,707882
Leveraged Funds,2022-09-20,-467478,238616,706094
Leveraged Funds,2022-09-13,-637627,226212,863839
Leveraged Funds,2022-09-06,-553219,265666,818885
Leveraged Funds,2022-08-30,-587156,246170,833326
Leveraged Funds,2022-08-23,-625022,231616,856638
Leveraged Funds,2022-08-16,-744173,221081,965254
Leveraged Funds,2022-08-09,-636243,224908,861151
Leveraged Funds,2022-08-02,-610948,235414,846362
Leveraged Funds,2022-07-26,-554391,243588,797979
Leveraged Funds,2022-07-19,-511205,270300,781505
Leveraged Funds,2022-07-12,-474855,251191,726046
Leveraged Funds,2022-07-05,-422390,266738,689128
Leveraged Funds,2022-06-28,-360304,270592,630896
Leveraged Funds,2022-06-21,-280542,317836,598378
Leveraged Funds,2022-06-14,-280696,377405,658101
Leveraged Funds,2022-06-07,-375548,269876,645424
Leveraged Funds,2022-05-31,-335132,284161,619293
Leveraged Funds,2022-05-24,-243296,335644,578940
Leveraged Funds,2022-05-17,-182125,355958,538083
Leveraged Funds,2022-05-10,-75859,415469,491328
Leveraged Funds,2022-05-03,-172534,356462,528996
Leveraged Funds,2022-04-26,-104845,347904,452749
Leveraged Funds,2022-04-19,-221550,281882,503432
Leveraged Funds,2022-04-12,-210838,279644,490482
Leveraged Funds,2022-04-05,-395858,220830,616688
Leveraged Funds,2022-03-29,-435118,194981,630099
Leveraged Funds,2022-03-22,-399003,196120,595123
Leveraged Funds,2022-03-15,-94463,429220,523683
Leveraged Funds,2022-03-08,-7049,461865,468914
Leveraged Funds,2022-03-01,-61087,435045,496132
Leveraged Funds,2022-02-22,20447,456600,436153
Leveraged Funds,2022-02-15,-23726,424834,448560
Leveraged Funds,2022-02-08,16305,425869,409564
Leveraged Funds,2022-02-01,4620,421833,417213
Leveraged Funds,2022-01-25,98647,489793,391146
Leveraged Funds,2022-01-18,-57187,407517,464704
Leveraged Funds,2022-01-11,-93755,367832,461587
Leveraged Funds,2022-01-04,-151896,355308,507204
Leveraged Funds,2021-12-28,-140791,337957,478748
Leveraged Funds,2021-12-21,-48323,366651,414974
Leveraged Funds,2021-12-14,-6593,403427,410020
Leveraged Funds,2021-12-07,-27120,375780,402900
Leveraged Funds,2021-11-30,3233,412696,409463
Leveraged Funds,2021-11-23,-75511,339284,414795
Leveraged Funds,2021-11-16,-115879,343164,459043
Leveraged Funds,2021-11-09,-96131,363278,459409
Leveraged Funds,2021-11-02,-95922,376052,471974
Leveraged Funds,2021-10-26,-133817,350751,484568
Leveraged Funds,2021-10-19,-159244,325549,484793
Leveraged Funds,2021-10-12,-96124,360808,456932
Leveraged Funds,2021-10-05,-126001,349526,475527
Leveraged Funds,2021-09-28,-136197,338566,474763
Leveraged Funds,2021-09-21,-201885,290340,492225
Leveraged Funds,2021-09-14,-229375,399128,628503
Leveraged Funds,2021-09-07,-265948,393462,659410
Leveraged Funds,2021-08-31,-299883,360413,660296
Leveraged Funds,2021-08-24,-280839,386921,667760
Leveraged Funds,2021-08-17,-294253,356465,650718
Leveraged Funds,2021-08-10,-315652,347437,663089
Leveraged Funds,2021-07-27,-288543,330290,618833
Leveraged Funds,2021-07-20,-228982,345020,574002
Leveraged Funds,2021-07-13,-261072,307752,568824
Leveraged Funds,2021-07-06,-236940,312122,549062
Leveraged Funds,2021-06-29,-241497,290932,532429
Leveraged Funds,2021-06-22,-202402,278150,480552
Leveraged Funds,2021-06-08,-255684,376614,632298
Leveraged Funds,2021-06-01,-262365,375058,637423
Leveraged Funds,2021-05-25,-230575,385572,616147
Leveraged Funds,2021-05-18,-253436,358922,612358
Leveraged Funds,2021-05-11,-305851,353093,658944
Leveraged Funds,2021-05-04,-331636,369218,700854
Leveraged Funds,2021-04-27,-310393,385044,695437
Leveraged Funds,2021-04-20,-292663,379980,672643
Leveraged Funds,2021-04-13,-295922,376490,672412
Leveraged Funds,2021-04-06,-290565,358964,649529
Leveraged Funds,2021-03-30,-245549,331572,577121
Leveraged Funds,2021-03-23,-258254,304851,563105
Leveraged Funds,2021-03-16,-247874,469235,717109
Leveraged Funds,2021-03-09,-196450,496271,692721
Leveraged Funds,2021-03-02,-268647,474935,743582
Leveraged Funds,2021-02-23,-333695,447873,781568
Leveraged Funds,2021-02-16,-403949,415473,819422
Leveraged Funds,2021-02-09,-353341,422403,775744
Leveraged Funds,2021-02-02,-293512,436047,729559
Leveraged Funds,2021-01-26,-327182,395505,722687
Leveraged Funds,2021-01-19,-305155,385751,690906
Leveraged Funds,2021-01-12,-294342,379661,674003
Leveraged Funds,2021-01-05,-262917,371087,634004
Leveraged Funds,2020-12-29,-243660,368696,612356
Leveraged Funds,2020-12-21,-195004,360217,555221
Leveraged Funds,2020-12-15,-237506,412923,650429
Leveraged Funds,2020-12-08,-275637,409377,685014
Leveraged Funds,2020-12-01,-234708,407962,642670
Leveraged Funds,2020-11-24,-260394,387722,648116
Leveraged Funds,2020-11-17,-206949,379713,586662
Leveraged Funds,2020-11-10,-193414,341820,535234
Leveraged Funds,2020-11-03,-230665,337463,568128
Leveraged Funds,2020-10-27,-225996,338595,564591
Leveraged Funds,2020-10-20,-251616,315309,566925
Leveraged Funds,2020-10-13,-299608,303068,602676
Leveraged Funds,2020-10-06,-204944,320726,525670
Leveraged Funds,2020-09-29,-183772,302134,485906
Leveraged Funds,2020-09-22,-153349,307116,460465
Leveraged Funds,2020-09-15,-263343,381484,644827
Leveraged Funds,2020-09-08,-281978,403342,685320
Leveraged Funds,2020-09-01,-403576,384905,788481
Leveraged Funds,2020-08-25,-442566,337776,780342
Leveraged Funds,2020-08-18,-416042,330741,746783
Leveraged Funds,2020-08-11,-435550,339364,774914
Leveraged Funds,2020-08-04,-405170,332382,737552
Leveraged Funds,2020-07-28,-321492,351237,672729
Leveraged Funds,2020-07-21,-377091,331610,708701
Leveraged Funds,2020-07-14,-358787,336236,695023
Leveraged Funds,2020-07-07,-348065,335203,683268
Leveraged Funds,2020-06-30,-313923,347671,661594
Leveraged Funds,2020-06-23,-376542,294245,670787
Leveraged Funds,2020-06-16,-542598,381907,924505
Leveraged Funds,2020-06-09,-518610,406166,924776
Leveraged Funds,2020-06-02,-467505,395301,862806
Leveraged Funds,2020-05-26,-486540,357159,843699
Leveraged Funds,2020-05-19,-431631,347769,779400
Leveraged Funds,2020-05-12,-416001,344154,760155
Leveraged Funds,2020-05-05,-365729,360482,726211
Leveraged Funds,2020-04-28,-436115,338769,774884
Leveraged Funds,2020-04-21,-337308,394806,732114
Leveraged Funds,2020-04-14,-338163,398280,736443
Leveraged Funds,2020-04-07,-224683,432634,657317
Leveraged Funds,2020-03-31,-187431,444310,631741
Leveraged Funds,2020-03-24,-34821,493028,527849
Leveraged Funds,2020-03-17,-104747,500616,605363
Leveraged Funds,2020-03-10,-220409,425714,646123
Leveraged Funds,2020-03-03,-158033,455148,613181
Leveraged Funds,2020-02-25,-141540,415711,557251
Leveraged Funds,2020-02-18,-254543,398938,653481
Leveraged Funds,2020-02-11,-307573,377379,684952
Leveraged Funds,2020-02-04,-238333,367271,605604
Leveraged Funds,2020-01-28,-236813,394449,631262
Leveraged Funds,2020-01-21,-270646,412176,682822
Leveraged Funds,2020-01-14,-253498,393429,646927
Leveraged Funds,2020-01-07,-207282,426376,633658
Leveraged Funds,2019-12-31,-197183,422804,619987
Leveraged Funds,2019-12-24,-221529,375954,597483
Leveraged Funds,2019-12-17,-204823,442627,647450
Leveraged Funds,2019-12-10,-267784,327889,595673
Leveraged Funds,2019-12-03,-256841,309553,566394
Leveraged Funds,2019-11-26,-324724,318573,643297
Leveraged Funds,2019-11-19,-308537,302043,610580
Leveraged Funds,2019-11-12,-282887,301559,584446
Leveraged Funds,2019-11-05,-276678,307776,584454
Leveraged Funds,2019-10-29,-224540,303083,527623
Leveraged Funds,2019-10-22,-231239,274643,505882
Leveraged Funds,2019-10-15,-204818,264009,468827
Leveraged Funds,2019-10-08,-174841,247269,422110
Leveraged Funds,2019-10-01,-196621,252726,449347
Leveraged Funds,2019-09-24,-236734,248284,485018
Leveraged Funds,2019-09-17,-268367,320074,588441
Leveraged Funds,2019-09-10,-322048,275521,597569
Leveraged Funds,2019-09-03,-336790,240461,577251
Leveraged Funds,2019-08-27,-300115,232382,532497
Leveraged Funds,2019-08-20,-269789,231137,500926
Leveraged Funds,2019-08-13,-298315,216799,515114
Leveraged Funds,2019-08-06,-223086,268393,491479
Leveraged Funds,2019-07-30,-272686,311417,584103
Leveraged Funds,2019-07-23,-274225,309657,583882
Leveraged Funds,2019-07-16,-318236,290523,608759
Leveraged Funds,2019-07-09,-317022,275293,592315
Leveraged Funds,2019-07-02,-295146,280239,575385
Leveraged Funds,2019-06-25,-297295,245689,542984
Leveraged Funds,2019-06-18,-259477,347781,607258
Leveraged Funds,2019-06-11,-230330,353051,583381
Leveraged Funds,2019-06-04,-129405,390394,519799
Leveraged Funds,2019-05-28,-157435,376029,533464
Leveraged Funds,2019-05-21,-179224,361475,540699
Leveraged Funds,2019-05-14,-168547,363216,531763
Leveraged Funds,2019-05-07,-98090,402173,500263
Leveraged Funds,2019-04-30,-114577,426956,541533
Leveraged Funds,2019-04-23,-161410,412602,574012
Leveraged Funds,2019-04-16,-204359,364773,569132
Leveraged Funds,2019-04-09,-209569,336493,546062
Leveraged Funds,2019-04-02,-194130,328055,522185
Leveraged Funds,2019-03-26,-154791,326486,481277
Leveraged Funds,2019-03-19,-204457,307881,512338
Leveraged Funds,2019-03-12,-195906,356656,552562
Leveraged Funds,2019-03-05,-207820,380888,588708
Leveraged Funds,2019-02-26,-228986,365130,594116
Leveraged Funds,2019-02-19,-226126,337069,563195
Leveraged Funds,2019-02-12,-201747,334184,535931
Leveraged Funds,2019-02-05,-249246,390576,639822
Leveraged Funds,2019-01-29,-171433,405566,576999
Leveraged Funds,2019-01-22,-231733,335640,567373
Leveraged Funds,2019-01-15,-193842,315887,509729
Leveraged Funds,2019-01-08,-116791,336615,453406
Leveraged Funds,2018-12-31,-20621,422020,442641
Leveraged Funds,2018-12-24,130636,610599,479963
Leveraged Funds,2018-12-18,-2649,595142,597791
Leveraged Funds,2018-12-11,-71422,510224,581646
Leveraged Funds,2018-12-04,-176732,442315,619047
Leveraged Funds,2018-11-27,-89096,476953,566049
Leveraged Funds,2018-11-20,-144362,424844,569206
Leveraged Funds,2018-11-13,-223926,393754,617680
Leveraged Funds,2018-11-06,-203214,411372,614586
Leveraged Funds,2018-10-30,-110781,513846,624627
Leveraged Funds,2018-10-23,-155734,476493,632227
Leveraged Funds,2018-10-16,-112046,433826,545872
Leveraged Funds,2018-10-09,-258640,359687,618327
Leveraged Funds,2018-10-02,-299889,343222,643111
Leveraged Funds,2018-09-25,-344127,302477,646604
Leveraged Funds,2018-09-18,-354812,374427,729239
Leveraged Funds,2018-09-11,-326213,425162,751375
Leveraged Funds,2018-09-04,-278939,478517,757456
Leveraged Funds,2018-08-28,-187480,558178,745658
Leveraged Funds,2018-08-21,-183935,538002,721937
Leveraged Funds,2018-08-14,-123542,541670,665212
Leveraged Funds,2018-08-07,-156645,535413,692058
Leveraged Funds,2018-07-31,-108926,530061,638987
Leveraged Funds,2018-07-24,-175836,522260,698096
Leveraged Funds,2018-07-17,-158603,534743,693346
Leveraged Funds,2018-07-10,-140514,519821,660335
Leveraged Funds,2018-07-03,-99478,516141,615619
Leveraged Funds,2018-06-26,-110090,525300,635390
Leveraged Funds,2018-06-19,-80611,515588,596199
Leveraged Funds,2018-06-12,-73929,575525,649454
Leveraged Funds,2018-06-05,-46859,572091,618950
Leveraged Funds,2018-05-29,-50734,611885,662619
Leveraged Funds,2018-05-22,-25076,594461,619537
Leveraged Funds,2018-05-15,-9863,584767,594630
Leveraged Funds,2018-05-08,-3665,557888,561553
Leveraged Funds,2018-05-01,76120,609210,533090
Leveraged Funds,2018-04-24,-47709,584432,632141
Leveraged Funds,2018-04-17,-55566,518693,574259
Leveraged Funds,2018-04-10,-62098,537802,599900
Leveraged Funds,2018-04-03,-21598,564618,586216
Leveraged Funds,2018-03-27,22612,587705,565093
Leveraged Funds,2018-03-20,-101285,504275,605560
Leveraged Funds,2018-03-13,-105543,648774,754317
Leveraged Funds,2018-03-06,-77759,608437,686196
Leveraged Funds,2018-02-27,-167640,568019,735659
Leveraged Funds,2018-02-20,-177580,564319,741899
Leveraged Funds,2018-02-13,-56118,635017,691135
Leveraged Funds,2018-02-06,75273,778982,703709
Leveraged Funds,2018-01-30,-44926,715456,760382
Leveraged Funds,2018-01-23,-148394,681434,829828
Leveraged Funds,2018-01-16,-149114,680040,829154
Leveraged Funds,2018-01-09,-218253,629710,847963
Leveraged Funds,2018-01-02,-110054,639990,750044
Leveraged Funds,2017-12-26,-120997,692381,813378
Leveraged Funds,2017-12-19,-114624,670900,785524
Leveraged Funds,2017-12-12,-56442,785124,841566
Leveraged Funds,2017-12-05,3845,867510,863665
Leveraged Funds,2017-11-28,-41399,824926,866325
Leveraged Funds,2017-11-21,-38961,793358,832319
Leveraged Funds,2017-11-14,-77534,773665,851199
Leveraged Funds,2017-11-07,-111190,752798,863988
Leveraged Funds,2017-10-31,-78151,704075,782226
Leveraged Funds,2017-10-24,-132634,690465,823099
Leveraged Funds,2017-10-17,-148225,653898,802123
Leveraged Funds,2017-10-10,-155004,668024,823028
Leveraged Funds,2017-10-03,-189727,635895,825622
Leveraged Funds,2017-09-26,-281601,582009,863610
Leveraged Funds,2017-09-19,-253364,580367,833731
Leveraged Funds,2017-09-12,-86709,669917,756626
Leveraged Funds,2017-09-05,-133881,555604,689485
Leveraged Funds,2017-08-29,-83809,599904,683713
Leveraged Funds,2017-08-22,-116313,575163,691476
Leveraged Funds,2017-08-15,-131216,547015,678231
Leveraged Funds,2017-08-08,-242558,493137,735695
Leveraged Funds,2017-08-01,-205390,509851,715241
Leveraged Funds,2017-07-25,-109711,534312,644023
Leveraged Funds,2017-07-18,-98633,517330,615963
Leveraged Funds,2017-07-11,-99636,467075,566711
Leveraged Funds,2017-07-03,-101136,469614,570750
Leveraged Funds,2017-06-27,-184233,475491,659724
Leveraged Funds,2017-06-20,-225170,432503,657673
Leveraged Funds,2017-06-13,-130916,655699,786615
Leveraged Funds,2017-06-06,-126602,664369,790971
Leveraged Funds,2017-05-30,-135080,642774,777854
Leveraged Funds,2017-05-23,-153876,611068,764944
Leveraged Funds,2017-05-16,-171729,570661,742390
Leveraged Funds,2017-05-09,-135344,597175,732519
Leveraged Funds,2017-05-02,-149927,573587,723514
Leveraged Funds,2017-04-25,-128576,616176,744752
Leveraged Funds,2017-04-18,-149183,544927,694110
Leveraged Funds,2017-04-11,-148686,521893,670579
Leveraged Funds,2017-04-04,-162335,487349,649684
Leveraged Funds,2017-03-28,-205791,487650,693441
Leveraged Funds,2017-03-21,-253614,455038,708652
Leveraged Funds,2017-03-14,-137916,583982,721898
Leveraged Funds,2017-03-07,-83398,590588,673986
Leveraged Funds,2017-02-28,-167222,558460,725682
Leveraged Funds,2017-02-21,-159373,526214,685587
Leveraged Funds,2017-02-14,-187594,514587,702181
Leveraged Funds,2017-02-07,-205346,485580,690926
Leveraged Funds,2017-01-31,-171609,492333,663942
Leveraged Funds,2017-01-24,-219920,476851,696771
Leveraged Funds,2017-01-17,-218893,454309,673202
Leveraged Funds,2017-01-10,-147000,484342,631342
Leveraged Funds,2017-01-03,-47294,507072,554366
Leveraged Funds,2016-12-27,-109187,465632,574819
Leveraged Funds,2016-12-20,-171974,433586,605560
Leveraged Funds,2016-12-13,-255313,554833,810146
Leveraged Funds,2016-12-06,-226311,503494,729805
Leveraged Funds,2016-11-29,-255318,534734,790052
Leveraged Funds,2016-11-22,-206871,541025,747896
Leveraged Funds,2016-11-15,-186082,524938,711020
Leveraged Funds,2016-11-08,-84864,605916,690780
Leveraged Funds,2016-11-01,-193089,579836,772925
Leveraged Funds,2016-10-25,-302294,544288,846582
Leveraged Funds,2016-10-18,-312513,497449,809962
Leveraged Funds,2016-10-11,-377917,492154,870071
Leveraged Funds,2016-10-04,-360549,506341,866890
Leveraged Funds,2016-09-27,-340185,476052,816237
Leveraged Funds,2016-09-20,-318854,461222,780076
Leveraged Funds,2016-09-13,-229264,557352,786616
Leveraged Funds,2016-09-06,-184845,616714,801559
Leveraged Funds,2016-08-30,-166932,623467,790399
Leveraged Funds,2016-08-23,-183051,616159,799210
Leveraged Funds,2016-08-16,-208119,564282,772401
Leveraged Funds,2016-08-09,-249035,542686,791721
Leveraged Funds,2016-08-02,-246305,575626,821931
Leveraged Funds,2016-07-26,-235702,539968,775670
Leveraged Funds,2016-07-19,-245303,509396,754699
Leveraged Funds,2016-07-12,-308922,469717,778639
Leveraged Funds,2016-07-05,-430906,406817,837723
Leveraged Funds,2016-06-28,-363874,409395,773269
Leveraged Funds,2016-06-21,-298318,429494,727812
Leveraged Funds,2016-06-14,-243143,585310,828453
Leveraged Funds,2016-06-07,-399480,558725,958205
Leveraged Funds,2016-05-31,-312142,562175,874317
Leveraged Funds,2016-05-24,-312967,536013,848980
Leveraged Funds,2016-05-17,-328601,434428,763029
Leveraged Funds,2016-05-10,-268925,471006,739931
Leveraged Funds,2016-05-03,-230964,488343,719307
Leveraged Funds,2016-04-26,-187901,518369,706270
Leveraged Funds,2016-04-19,-246038,491300,737338
Leveraged Funds,2016-04-12,-290794,435955,726749
Leveraged Funds,2016-04-05,-305320,459450,764770
Leveraged Funds,2016-03-29,-348026,417079,765105
Leveraged Funds,2016-03-22,-352691,395175,747866
Leveraged Funds,2016-03-15,-375723,437804,813527
Leveraged Funds,2016-03-08,-412466,433220,845686
Leveraged Funds,2016-03-01,-375546,405827,781373
Leveraged Funds,2016-02-23,-385964,402768,788732
Leveraged Funds,2016-02-16,-395081,418502,813583
Leveraged Funds,2016-02-09,-393166,411498,804664
Leveraged Funds,2016-02-02,-442761,393445,836206
Leveraged Funds,2016-01-26,-338562,429655,768217
Leveraged Funds,2016-01-19,-377517,380196,757713
Leveraged Funds,2016-01-12,-241190,390678,631868
Leveraged Funds,2016-01-05,-260357,394631,654988
Leveraged Funds,2015-12-29,-230488,420171,650659
Leveraged Funds,2015-12-22,-225016,447497,672513
Leveraged Funds,2015-12-15,-172537,552223,724760
Leveraged Funds,2015-12-08,-263707,532058,795765
Leveraged Funds,2015-12-01,-291845,533342,825187
Leveraged Funds,2015-11-24,-323393,513593,836986
Leveraged Funds,2015-11-17,-409163,481761,890924
Leveraged Funds,2015-11-10,-437703,531257,968960
Leveraged Funds,2015-11-03,-450798,459696,910494
Leveraged Funds,2015-10-27,-486142,435565,921707
Leveraged Funds,2015-10-20,-601595,404898,1006493
Leveraged Funds,2015-10-13,-599736,391208,990944
Leveraged Funds,2015-10-06,-596209,397668,993877
Leveraged Funds,2015-09-29,-457565,478738,936303
Leveraged Funds,2015-09-22,-474850,441271,916121
Leveraged Funds,2015-09-15,-531705,432789,964494
Leveraged Funds,2015-09-08,-504488,451021,955509
Leveraged Funds,2015-09-01,-434612,508257,942869
Leveraged Funds,2015-08-25,-303934,570819,874753
Leveraged Funds,2015-08-18,-279491,573190,852681
Leveraged Funds,2015-08-11,-309918,551314,861232
Leveraged Funds,2015-08-04,-267264,560613,827877
Leveraged Funds,2015-07-28,-223106,587660,810766
Leveraged Funds,2015-07-21,-294976,541731,836707
Leveraged Funds,2015-07-14,-346252,459330,805582
Leveraged Funds,2015-07-07,-407059,446795,853854
Leveraged Funds,2015-06-30,-380206,488220,868426
Leveraged Funds,2015-06-23,-390692,460792,851484
Leveraged Funds,2015-06-16,-278459,581348,859807
Leveraged Funds,2015-06-09,-303199,563729,866928
Leveraged Funds,2015-06-02,-230604,560293,790897
Leveraged Funds,2015-05-26,-279655,530059,809714
Leveraged Funds,2015-05-19,-215879,550236,766115
Leveraged Funds,2015-05-12,-240087,548080,788167
Leveraged Funds,2015-05-05,-271589,556267,827856
Leveraged Funds,2015-04-28,-193859,596207,790066
Leveraged Funds,2015-04-21,-193841,575369,769210
Leveraged Funds,2015-04-14,-241569,541302,782871
Leveraged Funds,2015-04-07,-278203,498228,776431
Leveraged Funds,2015-03-31,-293769,494574,788343
Leveraged Funds,2015-03-24,-294707,492375,787082
Leveraged Funds,2015-03-17,-258644,601063,859707
Leveraged Funds,2015-03-10,-275078,647388,922466
Leveraged Funds,2015-03-03,-213754,628068,841822
Leveraged Funds,2015-02-24,-220507,600692,821199
Leveraged Funds,2015-02-17,-210097,595024,805121
Leveraged Funds,2015-02-10,-212568,597276,809844
Leveraged Funds,2015-02-03,-211388,565724,777112
Leveraged Funds,2015-01-27,-161043,554437,715480
Leveraged Funds,2015-01-20,-153682,576002,729684
Leveraged Funds,2015-01-13,-144056,590653,734709
Leveraged Funds,2015-01-06,-85220,647481,732701
Leveraged Funds,2014-12-30,-179003,607649,786652
Leveraged Funds,2014-12-23,-178759,608707,787466
Leveraged Funds,2014-12-16,22329,783982,761653
Leveraged Funds,2014-12-09,-89679,738444,828123
Leveraged Funds,2014-12-02,-152662,758136,910798
Leveraged Funds,2014-11-25,-205708,688086,893794
Leveraged Funds,2014-11-18,-204527,679373,883900
Leveraged Funds,2014-11-11,-223791,651177,874968
Leveraged Funds,2014-11-04,-266599,608192,874791
Leveraged Funds,2014-10-28,-464895,555662,1020557
Leveraged Funds,2014-10-21,-512744,523284,1036028
Leveraged Funds,2014-10-14,-285521,634575,920096
Leveraged Funds,2014-10-07,-290488,638648,929136
Leveraged Funds,2014-09-30,-354300,583835,938135
Leveraged Funds,2014-09-23,-391863,558133,949996
Leveraged Funds,2014-09-16,-422224,701757,1123981
Leveraged Funds,2014-09-09,-387429,646209,1033638
Leveraged Funds,2014-09-02,-400753,612501,1013254
Leveraged Funds,2014-08-26,-394894,615975,1010869
Leveraged Funds,2014-08-19,-441518,613886,1055404
Leveraged Funds,2014-08-12,-418787,618430,1037217
Leveraged Funds,2014-08-05,-382030,634336,1016366
Leveraged Funds,2014-07-29,-458213,571497,1029710
Leveraged Funds,2014-07-22,-402928,585804,988732
Leveraged Funds,2014-07-15,-437570,545358,982928
Leveraged Funds,2014-07-08,-520588,529098,1049686
Leveraged Funds,2014-07-01,-495059,547255,1042314
Leveraged Funds,2014-06-24,-533970,508655,1042625
Leveraged Funds,2014-06-17,-402331,720422,1122753
Leveraged Funds,2014-06-10,-405262,672705,1077967
Leveraged Funds,2014-06-03,-372988,665191,1038179
Leveraged Funds,2014-05-27,-369991,639943,1009934
Leveraged Funds,2014-05-20,-441281,601279,1042560
Leveraged Funds,2014-05-13,-373040,637194,1010234
Leveraged Funds,2014-05-06,-358357,613996,972353
Leveraged Funds,2014-04-29,-309839,626137,935976
Leveraged Funds,2014-04-22,-326361,597834,924195
Leveraged Funds,2014-04-15,-342251,588715,930966
Leveraged Funds,2014-04-08,-369161,569879,939040
Leveraged Funds,2014-04-01,-298179,598936,897115
Leveraged Funds,2014-03-25,-348906,571979,920885
Leveraged Funds,2014-03-18,-292851,775351,1068202
Leveraged Funds,2014-03-11,-370086,692753,1062839
Leveraged Funds,2014-03-04,-321314,763504,1084818
Leveraged Funds,2014-02-25,-308893,726295,1035188
Leveraged Funds,2014-02-18,-355084,711743,1066827
Leveraged Funds,2014-02-11,-368916,671084,1040000
Leveraged Funds,2014-02-04,-247666,700368,948034
Leveraged Funds,2014-01-28,-223243,697812,921055
Leveraged Funds,2014-01-21,-258530,649227,907757
Leveraged Funds,2014-01-14,-219671,686824,906495
Leveraged Funds,2014-01-07,-183609,649816,833425
Leveraged Funds,2013-12-31,-170425,656389,826814
Leveraged Funds,2013-12-24,-184141,638641,822782
Leveraged Funds,2013-12-17,89373,819193,729820
Leveraged Funds,2013-12-10,2405,793243,790838
Leveraged Funds,2013-12-03,33581,828815,795234
Leveraged Funds,2013-11-26,13637,811328,797691
Leveraged Funds,2013-11-19,-10874,789428,800302
Leveraged Funds,2013-11-12,-3538,804799,808337
Leveraged Funds,2013-11-05,4043,822248,818205
Leveraged Funds,2013-10-29,-32569,769916,802485
Leveraged Funds,2013-10-22,-28956,757372,786328
Leveraged Funds,2013-10-15,-66730,685393,752123
Leveraged Funds,2013-10-08,-101948,647988,749936
Leveraged Funds,2013-10-01,-102201,644356,746557
Leveraged Funds,2013-09-24,-150194,609644,759838
Leveraged Funds,2013-09-17,-162006,744631,906637
Leveraged Funds,2013-09-10,-218976,685175,904151
Leveraged Funds,2013-09-03,-198832,677537,876369
Leveraged Funds,2013-08-27,-197362,670867,868229
Leveraged Funds,2013-08-20,-175441,653834,829275
Leveraged Funds,2013-08-13,-183562,690584,874146
Leveraged Funds,2013-08-06,-169029,694563,863592
Leveraged Funds,2013-07-30,-140254,725930,866184
Leveraged Funds,2013-07-23,-180443,699323,879766
Leveraged Funds,2013-07-16,-173862,678046,851908
Leveraged Funds,2013-07-09,-181692,624279,805971
Leveraged Funds,2013-07-02,-155629,609526,765155
Leveraged Funds,2013-06-25,-177243,563836,741079
Leveraged Funds,2013-06-18,-342319,700337,1042656
Leveraged Funds,2013-06-11,-289055,689456,978511
Leveraged Funds,2013-06-04,-274617,751749,1026366
Leveraged Funds,2013-05-28,-298845,770189,1069034
Leveraged Funds,2013-05-21,-276132,774325,1050457
Leveraged Funds,2013-05-14,-204556,825136,1029692
Leveraged Funds,2013-05-07,-148893,840074,988967
Leveraged Funds,2013-04-30,-105944,837245,943189
Leveraged Funds,2013-04-23,-209857,733032,942889
Leveraged Funds,2013-04-16,-200143,734991,935134
Leveraged Funds,2013-04-09,-208207,748083,956290
Leveraged Funds,2013-04-02,-251276,743250,994526
Leveraged Funds,2013-03-26,-238098,715913,954011
Leveraged Funds,2013-03-19,-213726,692213,905939
Leveraged Funds,2013-03-12,-229946,845040,1074986
Leveraged Funds,2013-03-05,-210619,812190,1022809
Leveraged Funds,2013-02-26,-332256,677187,1009443
Leveraged Funds,2013-02-19,-298890,706143,1005033
Leveraged Funds,2013-02-12,-345643,621726,967369
Leveraged Funds,2013-02-05,-310118,620560,930678
Leveraged Funds,2013-01-29,-366968,601233,968201
Leveraged Funds,2013-01-22,-338354,624502,962856
Leveraged Funds,2013-01-15,-357823,548168,905991
Leveraged Funds,2013-01-08,-306510,543290,849800
Leveraged Funds,2012-12-31,-288313,537060,825373
Leveraged Funds,2012-12-24,-322262,522194,844456
Leveraged Funds,2012-12-18,-31115,819596,850711
Leveraged Funds,2012-12-11,-47377,787044,834421
Leveraged Funds,2012-12-04,-146241,709506,855747
Leveraged Funds,2012-11-27,-236875,677984,914859
Leveraged Funds,2012-11-20,-240767,662242,903009
Leveraged Funds,2012-11-13,-113601,698855,812456
Leveraged Funds,2012-11-06,-199797,617266,817063
Leveraged Funds,2012-10-30,-253643,600979,854622
Leveraged Funds,2012-10-23,-256198,610417,866615
Leveraged Funds,2012-10-16,-193990,624414,818404
Leveraged Funds,2012-10-09,-225946,622998,848944
Leveraged Funds,2012-10-02,-180942,654714,835656
Leveraged Funds,2012-09-25,-149653,624269,773922
Leveraged Funds,2012-09-18,-321716,711506,1033222
Leveraged Funds,2012-09-11,-364598,707349,1071947
Leveraged Funds,2012-09-04,-384098,686883,1070981
Leveraged Funds,2012-08-28,-380813,674307,1055120
Leveraged Funds,2012-08-21,-376044,635480,1011524
Leveraged Funds,2012-08-14,-408570,591295,999865
Leveraged Funds,2012-08-07,-332181,569815,901996
Leveraged Funds,2012-07-31,-338077,531891,869968
Leveraged Funds,2012-07-24,-441304,460780,902084
Leveraged Funds,2012-07-17,-434355,434586,868941
Leveraged Funds,2012-07-10,-425450,452845,878295
Leveraged Funds,2012-07-03,-339038,474567,813605
Leveraged Funds,2012-06-26,-408933,427011,835944
Leveraged Funds,2012-06-19,-431676,381863,813539
Leveraged Funds,2012-06-12,-468715,579485,1048200
Leveraged Funds,2012-06-05,-383233,623636,1006869
Leveraged Funds,2012-05-29,-405238,618204,1023442
Leveraged Funds,2012-05-22,-381637,621474,1003111
Leveraged Funds,2012-05-15,-265424,675871,941295
Leveraged Funds,2012-05-08,-326275,609972,936247
Leveraged Funds,2012-05-01,-201804,652331,854135
Leveraged Funds,2012-04-24,-215536,616221,831757
Leveraged Funds,2012-04-17,-190683,635105,825788
Leveraged Funds,2012-04-10,-212821,640910,853731
Leveraged Funds,2012-04-03,-155265,634326,789591
Leveraged Funds,2012-03-27,-235854,583259,819113
Leveraged Funds,2012-03-20,-208928,605754,814682
Leveraged Funds,2012-03-13,-160823,764079,924902
Leveraged Funds,2012-03-06,-219586,731507,951093
Leveraged Funds,2012-02-28,-173172,699028,872200
Leveraged Funds,2012-02-21,-179324,685052,864376
Leveraged Funds,2012-02-14,-219811,606756,826567
Leveraged Funds,2012-02-07,-153274,617683,770957
Leveraged Funds,2012-01-31,-147971,626750,774721
Leveraged Funds,2012-01-24,-228560,557921,786481
Leveraged Funds,2012-01-17,-224841,505484,730325
Leveraged Funds,2012-01-10,-217981,485753,703734
Leveraged Funds,2012-01-03,-282597,469863,752460
Leveraged Funds,2011-12-27,-312026,421328,733354
Leveraged Funds,2011-12-20,-255215,427403,682618
Leveraged Funds,2011-12-13,-122782,637973,760755
Leveraged Funds,2011-12-06,-132255,591432,723687
Leveraged Funds,2011-11-29,-266630,536756,803386
Leveraged Funds,2011-11-22,-252524,562297,814821
Leveraged Funds,2011-11-15,-178321,570270,748591
Leveraged Funds,2011-11-08,-237935,534543,772478
Leveraged Funds,2011-11-01,-175471,540959,716430
Leveraged Funds,2011-10-25,-297069,500622,797691
Leveraged Funds,2011-10-18,-354937,428284,783221
Leveraged Funds,2011-10-11,-320232,430206,750438
Leveraged Funds,2011-10-04,-273995,504753,778748
Leveraged Funds,2011-09-27,-294559,459946,754505
Leveraged Funds,2011-09-20,-561090,308692,869782
Leveraged Funds,2011-09-13,-236939,955153,1192092
Leveraged Funds,2011-09-06,-286023,917271,1203294
Leveraged Funds,2011-08-30,-377257,814570,1191827
Leveraged Funds,2011-08-23,-226711,888048,1114759
Leveraged Funds,2011-08-16,-281906,739819,1021725
Leveraged Funds,2011-08-09,-2281,898104,900385
Leveraged Funds,2011-08-02,-213872,640900,854772
Leveraged Funds,2011-07-26,-321758,537537,859295
Leveraged Funds,2011-07-19,-259092,563056,822148
Leveraged Funds,2011-07-12,-260041,554397,814438
Leveraged Funds,2011-07-05,-390193,425112,815305
Leveraged Funds,2011-06-28,-423354,372510,795864
Leveraged Funds,2011-06-21,-496989,333414,830403
Leveraged Funds,2011-06-14,-355470,613194,968664
Leveraged Funds,2011-06-07,-366770,618325,985095
Leveraged Funds,2011-05-31,-392281,538535,930816
Leveraged Funds,2011-05-24,-382972,503838,886810
Leveraged Funds,2011-05-17,-391307,491562,882869
Leveraged Funds,2011-05-10,-359297,551838,911135
Leveraged Funds,2011-05-03,-349404,605518,954922
Leveraged Funds,2011-04-26,-415823,485583,901406
Leveraged Funds,2011-04-19,-473986,462956,936942
Leveraged Funds,2011-04-12,-516499,464855,981354
Leveraged Funds,2011-04-05,-474829,492916,967745
Leveraged Funds,2011-03-29,-484960,452399,937359
Leveraged Funds,2011-03-22,-492430,379588,872018
Leveraged Funds,2011-03-15,-89105,911291,1000396
Leveraged Funds,2011-03-08,-170667,740353,911020
Leveraged Funds,2011-03-01,-279382,668102,947484
Leveraged Funds,2011-02-22,-245387,662929,908316
Leveraged Funds,2011-02-15,-302736,571343,874079
Leveraged Funds,2011-02-08,-276345,553872,830217
Leveraged Funds,2011-02-01,-188756,556222,744978
Leveraged Funds,2011-01-25,-204427,543979,748406
Leveraged Funds,2011-01-18,-214992,498752,713744
Leveraged Funds,2011-01-11,-160228,506429,666657
Leveraged Funds,2011-01-04,-190676,455343,646019
Leveraged Funds,2010-12-28,-199316,434890,634206
Leveraged Funds,2010-12-21,-161741,455018,616759
Leveraged Funds,2010-12-14,-302899,644459,947358
Leveraged Funds,2010-12-07,-308103,631775,939878
Leveraged Funds,2010-11-30,-256251,621784,878035
Leveraged Funds,2010-11-23,-335132,623772,958904
Leveraged Funds,2010-11-16,-314268,633026,947294
Leveraged Funds,2010-11-09,-306422,606137,912559
Leveraged Funds,2010-11-02,-233003,623251,856254
Leveraged Funds,2010-10-26,-265798,594873,860671
Leveraged Funds,2010-10-19,-357685,529560,887245
Leveraged Funds,2010-10-12,-333704,540691,874395
Leveraged Funds,2010-10-05,-306845,566970,873815
Leveraged Funds,2010-09-28,-322169,501378,823547
Leveraged Funds,2010-09-21,-392658,379114,771772
Leveraged Funds,2010-09-14,-426949,613361,1040310
Leveraged Funds,2010-09-07,-417356,600042,1017398
Leveraged Funds,2010-08-31,-376722,683229,1059951
Leveraged Funds,2010-08-24,-391397,638611,1030008
Leveraged Funds,2010-08-17,-382748,529836,912584
Leveraged Funds,2010-08-10,-445413,448585,893998
Leveraged Funds,2010-08-03,-461120,444113,905233
Leveraged Funds,2010-07-27,-493257,435702,928959
Leveraged Funds,2010-07-20,-493050,468665,961715
Leveraged Funds,2010-07-13,-623208,410700,1033908
Leveraged Funds,2010-07-06,-489721,467350,957071
Leveraged Funds,2010-06-29,-414237,434966,849203
Leveraged Funds,2010-06-22,-492911,353755,846666
Leveraged Funds,2010-06-15,-379995,566231,946226
Leveraged Funds,2010-06-08,-357685,634177,991862
Leveraged Funds,2010-06-01,-398000,566416,964416
Leveraged Funds,2010-05-25,-266923,631880,898803
Leveraged Funds,2010-05-18,-373637,505485,879122
Leveraged Funds,2010-05-11,-415022,531835,946857
Leveraged Funds,2010-05-04,-469390,515330,984720
Leveraged Funds,2010-04-27,-459753,512341,972094
Leveraged Funds,2010-04-20,-440101,454161,894262
Leveraged Funds,2010-04-13,-458533,441030,899563
Leveraged Funds,2010-04-06,-426664,447050,873714
Leveraged Funds,2010-03-30,-463327,428287,891614
Leveraged Funds,2010-03-23,-424151,424131,848282
Leveraged Funds,2010-03-16,-235973,813526,1049499
Leveraged Funds,2010-03-09,-238534,823664,1062198
Leveraged Funds,2010-03-02,-197782,815871,1013653
Leveraged Funds,2010-02-23,-212575,804840,1017415
Leveraged Funds,2010-02-16,-217337,772257,989594
Leveraged Funds,2010-02-09,-205725,752345,958070
Leveraged Funds,2010-02-02,-297287,638102,935389
Leveraged Funds,2010-01-26,-343053,570133,913186
Leveraged Funds,2010-01-19,-308050,491978,800028
Leveraged Funds,2010-01-12,-339331,417924,757255
Leveraged Funds,2010-01-05,-217740,451813,669553
Leveraged Funds,2009-12-29,-266545,431891,698436
Leveraged Funds,2009-12-22,-238238,427706,665944
Leveraged Funds,2009-12-15,-144863,633757,778620
Leveraged Funds,2009-12-08,-225377,541189,766566
Leveraged Funds,2009-12-01,-170657,561859,732516
Leveraged Funds,2009-11-24,-187324,557832,745156
Leveraged Funds,2009-11-17,-223989,534177,758166
Leveraged Funds,2009-11-09,-270713,503928,774641
Leveraged Funds,2009-11-03,-237769,512855,750624
Leveraged Funds,2009-10-27,-369774,461814,831588
Leveraged Funds,2009-10-20,-427084,417791,844875
Leveraged Funds,2009-10-13,-348921,447543,796464
Leveraged Funds,2009-10-06,-270626,513188,783814
Leveraged Funds,2009-09-29,-277501,482520,760021
Leveraged Funds,2009-09-22,-293171,410732,703903
Leveraged Funds,2009-09-15,-331654,502985,834639
Leveraged Funds,2009-09-08,-304527,491717,796244
Leveraged Funds,2009-09-01,-317712,450776,768488
Leveraged Funds,2009-08-25,-329204,462530,791734
Leveraged Funds,2009-08-18,-247249,501431,748680
Leveraged Funds,2009-08-11,-231107,481676,712783
Leveraged Funds,2009-08-04,-204733,474510,679243
Leveraged Funds,2009-07-28,-213902,473559,687461
Leveraged Funds,2009-07-21,-321132,407662,728794
Leveraged Funds,2009-07-14,-282867,403859,686726
Leveraged Funds,2009-07-07,-304138,383262,687400
Leveraged Funds,2009-06-30,-198243,389918,588161
Leveraged Funds,2009-06-23,-152058,380020,532078
Leveraged Funds,2009-06-16,-266851,532403,799254
Leveraged Funds,2009-06-09,-342948,484806,827754
Leveraged Funds,2009-06-02,-310065,498433,808498
Leveraged Funds,2009-05-26,-297431,503109,800540
Leveraged Funds,2009-05-19,-272999,520342,793341
Leveraged Funds,2009-05-12,-317173,448518,765691
Leveraged Funds,2009-05-05,-340467,424097,764564
Leveraged Funds,2009-04-28,-229889,449742,679631
Leveraged Funds,2009-04-21,-167801,443289,611090
Leveraged Funds,2009-04-14,-232837,397348,630185
Leveraged Funds,2009-04-07,-201270,381150,582420
Leveraged Funds,2009-03-31,-152900,417928,570828
Leveraged Funds,2009-03-24,-266652,345816,612468
Leveraged Funds,2009-03-17,56631,875241,818610
Leveraged Funds,2009-03-10,162723,911825,749102
Leveraged Funds,2009-03-03,160835,873042,712207
Leveraged Funds,2009-02-24,126418,775728,649310
Leveraged Funds,2009-02-17,114081,733694,619613
Leveraged Funds,2009-02-10,67887,655740,587853
Leveraged Funds,2009-02-03,208455,644295,435840
Leveraged Funds,2009-01-27,183168,603048,419880
Leveraged Funds,2009-01-20,120085,587573,467488
Leveraged Funds,2009-01-13,108108,521509,413401
Leveraged Funds,2009-01-06,46538,425300,378762
Leveraged Funds,2008-12-30,150303,465165,314862
Leveraged Funds,2008-12-22,149349,460862,311513
Leveraged Funds,2008-12-16,327928,810849,482921
Leveraged Funds,2008-12-09,260628,764106,503478
Leveraged Funds,2008-12-02,201684,761653,559969
Leveraged Funds,2008-11-25,193739,772926,579187
Leveraged Funds,2008-11-18,95245,750984,655739
Leveraged Funds,2008-11-11,19616,739049,719433
Leveraged Funds,2008-11-04,54290,654721,600431
Leveraged Funds,2008-10-28,37502,742536,705034
Leveraged Funds,2008-10-21,-61558,753069,814627
Leveraged Funds,2008-10-14,-108635,806361,914996
Leveraged Funds,2008-10-07,-1306,823735,825041
Leveraged Funds,2008-09-30,-196699,530505,727204
Leveraged Funds,2008-09-23,-247404,429131,676535
Leveraged Funds,2008-09-16,-74733,762851,837584
Leveraged Funds,2008-09-09,-309204,622814,932018
Leveraged Funds,2008-09-02,-337805,544047,881852
Leveraged Funds,2008-08-26,-346921,502465,849386
Leveraged Funds,2008-08-19,-361783,532824,894607
Leveraged Funds,2008-08-12,-352814,492587,845401
Leveraged Funds,2008-08-05,-350302,520751,871053
Leveraged Funds,2008-07-29,-392909,523180,916089
Leveraged Funds,2008-07-22,-447475,483024,930499
Leveraged Funds,2008-07-15,-280924,565174,846098
Leveraged Funds,2008-07-08,-368503,460518,829021
Leveraged Funds,2008-07-01,-344938,418967,763905
Leveraged Funds,2008-06-24,-391143,350256,741399
Leveraged Funds,2008-06-17,-396660,572422,969082
Leveraged Funds,2008-06-10,-404637,532891,937528
Leveraged Funds,2008-06-03,-428612,474919,903531
Leveraged Funds,2008-05-27,-417391,463222,880613
Leveraged Funds,2008-05-20,-473156,403849,877005
Leveraged Funds,2008-05-13,-415554,402546,818100
Leveraged Funds,2008-05-06,-373363,403446,776809
Leveraged Funds,2008-04-29,-463978,327697,791675
Leveraged Funds,2008-04-22,-471198,322298,793496
Leveraged Funds,2008-04-15,-466646,344871,811517
Leveraged Funds,2008-04-08,-537130,312596,849726
Leveraged Funds,2008-04-01,-529761,340065,869826
Leveraged Funds,2008-03-25,-527080,334083,861163
Leveraged Funds,2008-03-18,-254917,604562,859479
Leveraged Funds,2008-03-11,-336700,590459,927159
Leveraged Funds,2008-03-04,-371039,585462,956501
Leveraged Funds,2008-02-26,-415082,551525,966607
Leveraged Funds,2008-02-19,-417373,564760,982133
Leveraged Funds,2008-02-12,-349025,554938,903963
Leveraged Funds,2008-02-05,-239130,628763,867893
Leveraged Funds,2008-01-29,-203902,565711,769613
Leveraged Funds,2008-01-22,-94373,671749,766122
Leveraged Funds,2008-01-15,-261026,550848,811874
Leveraged Funds,2008-01-08,-338821,498981,837802
Leveraged Funds,2007-12-31,-298064,390851,688915
Leveraged Funds,2007-12-24,-304923,358019,662942
Leveraged Funds,2007-12-18,-397278,424324,821602
Leveraged Funds,2007-12-11,-509570,345918,855488
Leveraged Funds,2007-12-04,-483036,346312,829348
Leveraged Funds,2007-11-27,-427553,387580,815133
Leveraged Funds,2007-11-20,-445300,366862,812162
Leveraged Funds,2007-11-13,-434148,378067,812215
Leveraged Funds,2007-11-06,-451521,398140,849661
Leveraged Funds,2007-10-30,-404960,394376,799336
Leveraged Funds,2007-10-23,-392406,397387,789793
Leveraged Funds,2007-10-16,-341238,427773,769011
Leveraged Funds,2007-10-09,-369432,427338,796770
Leveraged Funds,2007-10-02,-370090,407767,777857
Leveraged Funds,2007-09-25,-385945,325645,711590
Leveraged Funds,2007-09-18,-468623,379478,848101
Leveraged Funds,2007-09-11,-478112,374376,852488
Leveraged Funds,2007-09-04,-467533,364026,831559
Leveraged Funds,2007-08-28,-475277,399370,874647
Leveraged Funds,2007-08-21,-483079,413384,896463
Leveraged Funds,2007-08-14,-501759,437610,939369
Leveraged Funds,2007-08-07,-469556,407658,877214
Leveraged Funds,2007-07-31,-433956,400253,834209
Leveraged Funds,2007-07-24,-412139,388211,800350
Leveraged Funds,2007-07-17,-393163,383010,776173
Leveraged Funds,2007-07-10,-365283,361513,726796
Leveraged Funds,2007-07-03,-303736,372841,676577
Leveraged Funds,2007-06-26,-257552,371788,629340
Leveraged Funds,2007-06-19,-207173,389877,597050
Leveraged Funds,2007-06-12,-580146,473752,1053898
Leveraged Funds,2007-06-05,-529483,509498,1038981
Leveraged Funds,2007-05-29,-491004,462851,953855
Leveraged Funds,2007-05-22,-391801,516750,908551
Leveraged Funds,2007-05-15,-327252,466878,794130
Leveraged Funds,2007-05-08,-327156,473572,800728
Leveraged Funds,2007-05-01,-311887,447923,759810
Leveraged Funds,2007-04-24,-483273,367410,850683
Leveraged Funds,2007-04-17,-506214,260033,766247
Leveraged Funds,2007-04-10,-530122,254446,784568
Leveraged Funds,2007-04-03,-538388,259340,797728
Leveraged Funds,2007-03-27,-536180,211815,747995
Leveraged Funds,2007-03-20,-524247,184245,708492
Leveraged Funds,2007-03-13,-478800,342213,821013
Leveraged Funds,2007-03-06,-301337,326201,627538
Leveraged Funds,2007-02-27,-205653,387375,593028
Leveraged Funds,2007-02-20,-50125,449480,499605
Leveraged Funds,2007-02-13,-72250,384508,456758
Leveraged Funds,2007-02-06,-53675,388140,441815
Leveraged Funds,2007-01-30,-54604,361568,416172
Leveraged Funds,2007-01-23,102613,491403,388790
Leveraged Funds,2007-01-16,167613,507541,339928
Leveraged Funds,2007-01-09,140878,427778,286900
Leveraged Funds,2007-01-03,94370,420876,326506
Leveraged Funds,2006-12-26,61668,393059,331391
Leveraged Funds,2006-12-19,80508,434307,353799
Leveraged Funds,2006-12-12,12389,579329,566940
Leveraged Funds,2006-12-05,60609,585108,524499
Leveraged Funds,2006-11-28,94449,575815,481366
Leveraged Funds,2006-11-21,115548,597765,482217
Leveraged Funds,2006-11-14,71123,589997,518874
Leveraged Funds,2006-11-07,26790,535714,508924
Leveraged Funds,2006-10-31,19362,492633,473271
Leveraged Funds,2006-10-24,-43692,457922,501614
Leveraged Funds,2006-10-17,-33481,442929,476410
Leveraged Funds,2006-10-10,-118910,401856,520766
Leveraged Funds,2006-10-03,-130254,405769,536023
Leveraged Funds,2006-09-26,-188180,328388,516568
Leveraged Funds,2006-09-19,-214373,237952,452325
Leveraged Funds,2006-09-12,-373916,322263,696179
Leveraged Funds,2006-09-05,-366091,330042,696133
Leveraged Funds,2006-08-29,-333193,289918,623111
Leveraged Funds,2006-08-22,-371982,268295,640277
Leveraged Funds,2006-08-15,-370074,268748,638822
Leveraged Funds,2006-08-08,-429409,206517,635926
Leveraged Funds,2006-08-01,-404836,169527,574363
Leveraged Funds,2006-07-25,-384577,183792,568369
Leveraged Funds,2006-07-18,-433288,186970,620258
Leveraged Funds,2006-07-11,-337261,202140,539401
Leveraged Funds,2006-07-03,-321223,163538,484761
Leveraged Funds,2006-06-27,-393786,151315,545101
Leveraged Funds,2006-06-20,-376354,138864,515218
Leveraged Funds,2006-06-13,-320694,319581,640275
Asset Manager/Institutional,2024-10-08,1222867,1519058,296191
Asset Manager/Institutional,2024-10-01,1232306,1535933,303627
Asset Manager/Institutional,2024-09-24,1248058,1532324,284266
Asset Manager/Institutional,2024-09-17,1173107,1473770,300663
Asset Manager/Institutional,2024-09-10,1113909,1441325,327416
Asset Manager/Institutional,2024-09-03,1133790,1450856,317066
Asset Manager/Institutional,2024-08-27,1124081,1437962,313881
Asset Manager/Institutional,2024-08-20,1098017,1413152,315135
Asset Manager/Institutional,2024-08-13,1082092,1412905,330813
Asset Manager/Institutional,2024-08-06,1011606,1386719,375113
Asset Manager/Institutional,2024-07-30,1106294,1471178,364884
Asset Manager/Institutional,2024-07-23,1154034,1492991,338957
Asset Manager/Institutional,2024-07-09,1082049,1447887,365838
Asset Manager/Institutional,2024-06-25,1086675,1426887,340212
Asset Manager/Institutional,2024-06-18,1071227,1411020,339793
Asset Manager/Institutional,2024-06-11,1088065,1409526,321461
Asset Manager/Institutional,2024-06-04,1071297,1395161,323864
Asset Manager/Institutional,2024-05-28,1121836,1432885,311049
Asset Manager/Institutional,2024-05-21,1080879,1411749,330870
Asset Manager/Institutional,2024-05-14,1051743,1381800,330057
Asset Manager/Institutional,2024-05-07,989240,1349616,360376
Asset Manager/Institutional,2024-04-30,925269,1329460,404191
Asset Manager/Institutional,2024-04-23,969332,1368664,399332
Asset Manager/Institutional,2024-04-16,995794,1373034,377240
Asset Manager/Institutional,2024-04-09,1092776,1444534,351758
Asset Manager/Institutional,2024-04-02,1075425,1442668,367243
Asset Manager/Institutional,2024-03-26,1113497,1477119,363622
Asset Manager/Institutional,2024-03-19,1105336,1480686,375350
Asset Manager/Institutional,2024-03-12,1073763,1468274,394511
Asset Manager/Institutional,2024-03-05,1068834,1472085,403251
Asset Manager/Institutional,2024-02-27,1107558,1499005,391447
Asset Manager/Institutional,2024-02-20,1111885,1502851,390966
Asset Manager/Institutional,2024-02-13,1083620,1495170,411550
Asset Manager/Institutional,2024-02-06,1044203,1483172,438969
Asset Manager/Institutional,2024-01-30,1105061,1536770,431709
Asset Manager/Institutional,2024-01-23,1048915,1510738,461823
Asset Manager/Institutional,2024-01-16,1045495,1500701,455206
Asset Manager/Institutional,2024-01-09,1066645,1521633,454988
Asset Manager/Institutional,2024-01-02,1118330,1571730,453400
Asset Manager/Institutional,2023-12-26,1047086,1485208,438122
Asset Manager/Institutional,2023-12-19,1038133,1496615,458482
Asset Manager/Institutional,2023-12-12,941777,1442043,500266
Asset Manager/Institutional,2023-12-05,928749,1465492,536743
Asset Manager/Institutional,2023-11-28,902780,1453638,550858
Asset Manager/Institutional,2023-11-21,864469,1421500,557031
Asset Manager/Institutional,2023-11-14,799910,1368521,568611
Asset Manager/Institutional,2023-11-07,734013,1360455,626442
Asset Manager/Institutional,2023-10-31,627059,1326229,699170
Asset Manager/Institutional,2023-10-24,656591,1317933,661342
Asset Manager/Institutional,2023-10-17,727396,1324722,597326
Asset Manager/Institutional,2023-10-10,712251,1313724,601473
Asset Manager/Institutional,2023-10-03,723949,1318689,594740
Asset Manager/Institutional,2023-09-26,823940,1354853,530913
Asset Manager/Institutional,2023-09-19,946033,1421810,475777
Asset Manager/Institutional,2023-09-12,848565,1356061,507496
Asset Manager/Institutional,2023-09-05,864020,1382072,518052
Asset Manager/Institutional,2023-08-29,845646,1369353,523707
Asset Manager/Institutional,2023-08-22,827465,1380112,552647
Asset Manager/Institutional,2023-08-15,872569,1397849,525280
Asset Manager/Institutional,2023-08-08,870220,1388450,518230
Asset Manager/Institutional,2023-08-01,919808,1425452,505644
Asset Manager/Institutional,2023-07-25,898505,1426495,527990
Asset Manager/Institutional,2023-07-18,914774,1422402,507628
Asset Manager/Institutional,2023-07-11,831883,1375654,543771
Asset Manager/Institutional,2023-07-03,841220,1376489,535269
Asset Manager/Institutional,2023-06-27,816334,1373725,557391
Asset Manager/Institutional,2023-06-20,891705,1423756,532051
Asset Manager/Institutional,2023-06-13,860179,1389266,529087
Asset Manager/Institutional,2023-06-06,751315,1339484,588169
Asset Manager/Institutional,2023-05-30,695810,1325212,629402
Asset Manager/Institutional,2023-05-23,691924,1328232,636308
Asset Manager/Institutional,2023-05-16,641467,1315554,674087
Asset Manager/Institutional,2023-05-09,616546,1283590,667044
Asset Manager/Institutional,2023-05-02,608635,1284773,676138
Asset Manager/Institutional,2023-04-25,600107,1284889,684782
Asset Manager/Institutional,2023-04-18,600438,1276389,675951
Asset Manager/Institutional,2023-04-11,542568,1217354,674786
Asset Manager/Institutional,2023-04-04,496547,1172848,676301
Asset Manager/Institutional,2023-03-28,437685,1204843,767158
Asset Manager/Institutional,2023-03-21,499382,1248116,748734
Asset Manager/Institutional,2023-03-14,486336,1218739,732403
Asset Manager/Institutional,2023-03-07,553205,1205906,652701
Asset Manager/Institutional,2023-02-28,531661,1212520,680859
Asset Manager/Institutional,2023-02-21,593549,1213144,619595
Asset Manager/Institutional,2023-02-14,631144,1218192,587048
Asset Manager/Institutional,2023-02-07,640236,1217349,577113
Asset Manager/Institutional,2023-01-31,628582,1215172,586590
Asset Manager/Institutional,2023-01-24,585216,1223548,638332
Asset Manager/Institutional,2023-01-17,564102,1231901,667799
Asset Manager/Institutional,2023-01-10,460674,1195745,735071
Asset Manager/Institutional,2023-01-03,414970,1183418,768448
Asset Manager/Institutional,2022-12-27,435503,1199820,764317
Asset Manager/Institutional,2022-12-20,431276,1208877,777601
Asset Manager/Institutional,2022-12-13,494003,1211892,717889
Asset Manager/Institutional,2022-12-06,469379,1205264,735885
Asset Manager/Institutional,2022-11-29,479613,1229527,749914
Asset Manager/Institutional,2022-11-22,459859,1204100,744241
Asset Manager/Institutional,2022-11-15,429051,1189977,760926
Asset Manager/Institutional,2022-11-08,278662,1163661,884999
Asset Manager/Institutional,2022-11-01,268651,1173903,905252
Asset Manager/Institutional,2022-10-25,196814,1171205,974391
Asset Manager/Institutional,2022-10-18,124756,1160952,1036196
Asset Manager/Institutional,2022-10-11,59781,1134970,1075189
Asset Manager/Institutional,2022-10-04,78787,1136431,1057644
Asset Manager/Institutional,2022-09-27,107287,1131259,1023972
Asset Manager/Institutional,2022-09-20,212157,1151366,939209
Asset Manager/Institutional,2022-09-13,256403,1177890,921487
Asset Manager/Institutional,2022-09-06,213536,1181640,968104
Asset Manager/Institutional,2022-08-30,295123,1215003,919880
Asset Manager/Institutional,2022-08-23,342496,1229267,886771
Asset Manager/Institutional,2022-08-16,395174,1268802,873628
Asset Manager/Institutional,2022-08-09,258343,1229249,970906
Asset Manager/Institutional,2022-08-02,251667,1271346,1019679
Asset Manager/Institutional,2022-07-26,205628,1298705,1093077
Asset Manager/Institutional,2022-07-19,140797,1278156,1137359
Asset Manager/Institutional,2022-07-12,118548,1279831,1161283
Asset Manager/Institutional,2022-07-05,103884,1267615,1163731
Asset Manager/Institutional,2022-06-28,93511,1238893,1145382
Asset Manager/Institutional,2022-06-21,73095,1249428,1176333
Asset Manager/Institutional,2022-06-14,93049,1191068,1098019
Asset Manager/Institutional,2022-06-07,273326,1234508,961182
Asset Manager/Institutional,2022-05-31,271332,1241252,969920
Asset Manager/Institutional,2022-05-24,181333,1204803,1023470
Asset Manager/Institutional,2022-05-17,207264,1200810,993546
Asset Manager/Institutional,2022-05-10,170860,1158535,987675
Asset Manager/Institutional,2022-05-03,298763,1179673,880910
Asset Manager/Institutional,2022-04-26,327419,1184169,856750
Asset Manager/Institutional,2022-04-19,482558,1230813,748255
Asset Manager/Institutional,2022-04-12,476609,1236313,759704
Asset Manager/Institutional,2022-04-05,547506,1235675,688169
Asset Manager/Institutional,2022-03-29,562045,1270402,708357
Asset Manager/Institutional,2022-03-22,496315,1276648,780333
Asset Manager/Institutional,2022-03-15,386797,1268412,881615
Asset Manager/Institutional,2022-03-08,368007,1226553,858546
Asset Manager/Institutional,2022-03-01,431767,1256550,824783
Asset Manager/Institutional,2022-02-22,492302,1281970,789668
Asset Manager/Institutional,2022-02-15,522259,1259340,737081
Asset Manager/Institutional,2022-02-08,562152,1285346,723194
Asset Manager/Institutional,2022-02-01,658798,1343183,684385
Asset Manager/Institutional,2022-01-25,673762,1359326,685564
Asset Manager/Institutional,2022-01-18,783973,1372665,588692
Asset Manager/Institutional,2022-01-11,814849,1395242,580393
Asset Manager/Institutional,2022-01-04,852489,1402828,550339
Asset Manager/Institutional,2021-12-28,826533,1397551,571018
Asset Manager/Institutional,2021-12-21,734106,1363374,629268
Asset Manager/Institutional,2021-12-14,663951,1321269,657318
Asset Manager/Institutional,2021-12-07,736525,1370614,634089
Asset Manager/Institutional,2021-11-30,775152,1406153,631001
Asset Manager/Institutional,2021-11-23,907257,1462017,554760
Asset Manager/Institutional,2021-11-16,914258,1457469,543211
Asset Manager/Institutional,2021-11-09,881402,1442379,560977
Asset Manager/Institutional,2021-11-02,842120,1425456,583336
Asset Manager/Institutional,2021-10-26,858198,1432281,574083
Asset Manager/Institutional,2021-10-19,839321,1440647,601326
Asset Manager/Institutional,2021-10-12,766253,1406335,640082
Asset Manager/Institutional,2021-10-05,836555,1456350,619795
Asset Manager/Institutional,2021-09-28,871762,1457171,585409
Asset Manager/Institutional,2021-09-21,900007,1507648,607641
Asset Manager/Institutional,2021-09-14,920818,1503932,583114
Asset Manager/Institutional,2021-09-07,982557,1547873,565316
Asset Manager/Institutional,2021-08-31,971797,1553309,581512
Asset Manager/Institutional,2021-08-24,936899,1541046,604147
Asset Manager/Institutional,2021-08-17,955881,1564831,608950
Asset Manager/Institutional,2021-08-10,966103,1565814,599711
Asset Manager/Institutional,2021-07-27,954391,1584309,629918
Asset Manager/Institutional,2021-07-20,968712,1615668,646956
Asset Manager/Institutional,2021-07-13,1031947,1623981,592034
Asset Manager/Institutional,2021-07-06,1035375,1629970,594595
Asset Manager/Institutional,2021-06-29,1038091,1620232,582141
Asset Manager/Institutional,2021-06-22,1033061,1643664,610603
Asset Manager/Institutional,2021-06-08,947957,1577694,629737
Asset Manager/Institutional,2021-06-01,924093,1545804,621711
Asset Manager/Institutional,2021-05-25,897846,1544398,646552
Asset Manager/Institutional,2021-05-18,886612,1516819,630207
Asset Manager/Institutional,2021-05-11,957151,1547972,590821
Asset Manager/Institutional,2021-05-04,988289,1575719,587430
Asset Manager/Institutional,2021-04-27,963025,1550454,587429
Asset Manager/Institutional,2021-04-20,947408,1549273,601865
Asset Manager/Institutional,2021-04-13,927623,1535369,607746
Asset Manager/Institutional,2021-04-06,924888,1543254,618366
Asset Manager/Institutional,2021-03-30,881051,1502119,621068
Asset Manager/Institutional,2021-03-23,873144,1511651,638507
Asset Manager/Institutional,2021-03-16,792581,1440481,647900
Asset Manager/Institutional,2021-03-09,777141,1450246,673105
Asset Manager/Institutional,2021-03-02,827525,1472801,645276
Asset Manager/Institutional,2021-02-23,941027,1564319,623292
Asset Manager/Institutional,2021-02-16,969313,1576002,606689
Asset Manager/Institutional,2021-02-09,979130,1582583,603453
Asset Manager/Institutional,2021-02-02,905982,1576984,671002
Asset Manager/Institutional,2021-01-26,1004871,1657129,652258
Asset Manager/Institutional,2021-01-19,1020505,1697509,677004
Asset Manager/Institutional,2021-01-12,1003735,1685782,682047
Asset Manager/Institutional,2021-01-05,955576,1676604,721028
Asset Manager/Institutional,2020-12-29,930130,1651321,721191
Asset Manager/Institutional,2020-12-21,916229,1645940,729711
Asset Manager/Institutional,2020-12-15,893854,1629765,735911
Asset Manager/Institutional,2020-12-08,903187,1636962,733775
Asset Manager/Institutional,2020-12-01,841779,1598594,756815
Asset Manager/Institutional,2020-11-24,842985,1604455,761470
Asset Manager/Institutional,2020-11-17,799276,1577440,778164
Asset Manager/Institutional,2020-11-10,729963,1525888,795925
Asset Manager/Institutional,2020-11-03,633807,1494224,860417
Asset Manager/Institutional,2020-10-27,715415,1544472,829057
Asset Manager/Institutional,2020-10-20,742012,1579885,837873
Asset Manager/Institutional,2020-10-13,774078,1590754,816676
Asset Manager/Institutional,2020-10-06,677977,1558376,880399
Asset Manager/Institutional,2020-09-29,656823,1592904,936081
Asset Manager/Institutional,2020-09-22,730456,1652242,921786
Asset Manager/Institutional,2020-09-15,714788,1596446,881658
Asset Manager/Institutional,2020-09-08,697273,1568030,870757
Asset Manager/Institutional,2020-09-01,809427,1655927,846500
Asset Manager/Institutional,2020-08-25,838878,1695149,856271
Asset Manager/Institutional,2020-08-18,797124,1663767,866643
Asset Manager/Institutional,2020-08-11,751553,1632171,880618
Asset Manager/Institutional,2020-08-04,675022,1612654,937632
Asset Manager/Institutional,2020-07-28,607493,1578297,970804
Asset Manager/Institutional,2020-07-21,567868,1537683,969815
Asset Manager/Institutional,2020-07-14,546088,1550524,1004436
Asset Manager/Institutional,2020-07-07,539017,1578876,1039859
Asset Manager/Institutional,2020-06-30,499811,1582567,1082756
Asset Manager/Institutional,2020-06-23,553519,1624768,1071249
Asset Manager/Institutional,2020-06-16,592805,1633877,1041072
Asset Manager/Institutional,2020-06-09,666981,1658115,991134
Asset Manager/Institutional,2020-06-02,569746,1652280,1082534
Asset Manager/Institutional,2020-05-26,564186,1690008,1125822
Asset Manager/Institutional,2020-05-19,483776,1679046,1195270
Asset Manager/Institutional,2020-05-12,540787,1713693,1172906
Asset Manager/Institutional,2020-05-05,486898,1674796,1187898
Asset Manager/Institutional,2020-04-28,599042,1786114,1187072
Asset Manager/Institutional,2020-04-21,560611,1798762,1238151
Asset Manager/Institutional,2020-04-14,602132,1803372,1201240
Asset Manager/Institutional,2020-04-07,437386,1777947,1340561
Asset Manager/Institutional,2020-03-31,498049,1825533,1327484
Asset Manager/Institutional,2020-03-24,354104,1730527,1376423
Asset Manager/Institutional,2020-03-17,297041,1651461,1354420
Asset Manager/Institutional,2020-03-10,562853,1733395,1170542
Asset Manager/Institutional,2020-03-03,752497,1643151,890654
Asset Manager/Institutional,2020-02-25,1027978,1757280,729302
Asset Manager/Institutional,2020-02-18,1297798,1937013,639215
Asset Manager/Institutional,2020-02-11,1270693,1924799,654106
Asset Manager/Institutional,2020-02-04,1236924,1902735,665811
Asset Manager/Institutional,2020-01-28,1224023,1919422,695399
Asset Manager/Institutional,2020-01-21,1276063,1966214,690151
Asset Manager/Institutional,2020-01-14,1265336,1930780,665444
Asset Manager/Institutional,2020-01-07,1189504,1874686,685182
Asset Manager/Institutional,2019-12-31,1180665,1871784,691119
Asset Manager/Institutional,2019-12-24,1201917,1897430,695513
Asset Manager/Institutional,2019-12-17,1013511,1741054,727543
Asset Manager/Institutional,2019-12-10,1020573,1767814,747241
Asset Manager/Institutional,2019-12-03,962170,1766411,804241
Asset Manager/Institutional,2019-11-26,1033728,1806890,773162
Asset Manager/Institutional,2019-11-19,1025830,1801476,775646
Asset Manager/Institutional,2019-11-12,1012341,1791180,778839
Asset Manager/Institutional,2019-11-05,941415,1753882,812467
Asset Manager/Institutional,2019-10-29,902119,1746392,844273
Asset Manager/Institutional,2019-10-22,847362,1730993,883631
Asset Manager/Institutional,2019-10-15,802052,1708257,906205
Asset Manager/Institutional,2019-10-08,737665,1667965,930300
Asset Manager/Institutional,2019-10-01,818503,1741678,923175
Asset Manager/Institutional,2019-09-24,876091,1775866,899775
Asset Manager/Institutional,2019-09-17,766612,1693375,926763
Asset Manager/Institutional,2019-09-10,759483,1710884,951401
Asset Manager/Institutional,2019-09-03,699316,1687953,988637
Asset Manager/Institutional,2019-08-27,701721,1706148,1004427
Asset Manager/Institutional,2019-08-20,664623,1684193,1019570
Asset Manager/Institutional,2019-08-13,771691,1713845,942154
Asset Manager/Institutional,2019-08-06,813482,1758598,945116
Asset Manager/Institutional,2019-07-30,967463,1832100,864637
Asset Manager/Institutional,2019-07-23,960985,1831181,870196
Asset Manager/Institutional,2019-07-16,1006593,1862317,855724
Asset Manager/Institutional,2019-07-09,955539,1817409,861870
Asset Manager/Institutional,2019-07-02,953282,1793980,840698
Asset Manager/Institutional,2019-06-25,976770,1800982,824212
Asset Manager/Institutional,2019-06-18,853339,1714167,860828
Asset Manager/Institutional,2019-06-11,829643,1712234,882591
Asset Manager/Institutional,2019-06-04,753241,1641597,888356
Asset Manager/Institutional,2019-05-28,751384,1633193,881809
Asset Manager/Institutional,2019-05-21,775735,1630744,855009
Asset Manager/Institutional,2019-05-14,772481,1626336,853855
Asset Manager/Institutional,2019-05-07,812108,1667677,855569
Asset Manager/Institutional,2019-04-30,853256,1714913,861657
Asset Manager/Institutional,2019-04-23,851189,1703923,852734
Asset Manager/Institutional,2019-04-16,855172,1683504,828332
Asset Manager/Institutional,2019-04-09,828325,1653767,825442
Asset Manager/Institutional,2019-04-02,787988,1655532,867544
Asset Manager/Institutional,2019-03-26,789949,1657949,868000
Asset Manager/Institutional,2019-03-19,770952,1689590,918638
Asset Manager/Institutional,2019-03-12,671560,1583714,912154
Asset Manager/Institutional,2019-03-05,679176,1584937,905761
Asset Manager/Institutional,2019-02-26,676248,1591183,914935
Asset Manager/Institutional,2019-02-19,576710,1537648,960938
Asset Manager/Institutional,2019-02-12,576456,1533857,957401
Asset Manager/Institutional,2019-02-05,650828,1512032,861204
Asset Manager/Institutional,2019-01-29,669281,1518563,849282
Asset Manager/Institutional,2019-01-22,685886,1555447,869561
Asset Manager/Institutional,2019-01-15,683047,1576868,893821
Asset Manager/Institutional,2019-01-08,673139,1579560,906421
Asset Manager/Institutional,2018-12-31,615655,1560724,945069
Asset Manager/Institutional,2018-12-24,516164,1525891,1009727
Asset Manager/Institutional,2018-12-18,390201,1427081,1036880
Asset Manager/Institutional,2018-12-11,372495,1430199,1057704
Asset Manager/Institutional,2018-12-04,480772,1475933,995161
Asset Manager/Institutional,2018-11-27,450799,1480323,1029524
Asset Manager/Institutional,2018-11-20,451370,1504807,1053437
Asset Manager/Institutional,2018-11-13,501997,1533641,1031644
Asset Manager/Institutional,2018-11-06,436415,1500152,1063737
Asset Manager/Institutional,2018-10-30,394640,1452572,1057932
Asset Manager/Institutional,2018-10-23,509160,1530932,1021772
Asset Manager/Institutional,2018-10-16,619409,1628186,1008777
Asset Manager/Institutional,2018-10-09,855879,1811135,955256
Asset Manager/Institutional,2018-10-02,1001766,1949878,948112
Asset Manager/Institutional,2018-09-25,1035749,1973116,937367
Asset Manager/Institutional,2018-09-18,907078,1876254,969176
Asset Manager/Institutional,2018-09-11,841974,1804895,962921
Asset Manager/Institutional,2018-09-04,806486,1787351,980865
Asset Manager/Institutional,2018-08-28,709558,1734558,1025000
Asset Manager/Institutional,2018-08-21,615667,1688830,1073163
Asset Manager/Institutional,2018-08-14,594763,1665740,1070977
Asset Manager/Institutional,2018-08-07,630213,1699040,1068827
Asset Manager/Institutional,2018-07-31,625642,1674997,1049355
Asset Manager/Institutional,2018-07-24,660784,1708114,1047330
Asset Manager/Institutional,2018-07-17,665089,1720089,1055000
Asset Manager/Institutional,2018-07-10,671768,1728167,1056399
Asset Manager/Institutional,2018-07-03,589073,1678995,1089922
Asset Manager/Institutional,2018-06-26,610244,1689824,1079580
Asset Manager/Institutional,2018-06-19,712368,1782571,1070203
Asset Manager/Institutional,2018-06-12,529838,1629217,1099379
Asset Manager/Institutional,2018-06-05,462179,1565490,1103311
Asset Manager/Institutional,2018-05-29,423302,1528209,1104907
Asset Manager/Institutional,2018-05-22,469830,1546207,1076377
Asset Manager/Institutional,2018-05-15,531222,1511172,979950
Asset Manager/Institutional,2018-05-08,542134,1505319,963185
Asset Manager/Institutional,2018-05-01,530203,1509177,978974
Asset Manager/Institutional,2018-04-24,642157,1560838,918681
Asset Manager/Institutional,2018-04-17,659793,1584195,924402
Asset Manager/Institutional,2018-04-10,585035,1499872,914837
Asset Manager/Institutional,2018-04-03,520677,1518801,998124
Asset Manager/Institutional,2018-03-27,613493,1545211,931718
Asset Manager/Institutional,2018-03-20,804734,1717155,912421
Asset Manager/Institutional,2018-03-13,847076,1783657,936581
Asset Manager/Institutional,2018-03-06,784754,1748137,963383
Asset Manager/Institutional,2018-02-27,912779,1853395,940616
Asset Manager/Institutional,2018-02-20,870997,1826412,955415
Asset Manager/Institutional,2018-02-13,744339,1735645,991306
Asset Manager/Institutional,2018-02-06,903025,1872889,969864
Asset Manager/Institutional,2018-01-30,1078788,2002492,923704
Asset Manager/Institutional,2018-01-23,1158776,2103738,944962
Asset Manager/Institutional,2018-01-16,1087399,2070408,983009
Asset Manager/Institutional,2018-01-09,1076229,2061225,984996
Asset Manager/Institutional,2018-01-02,923345,1922283,998938
Asset Manager/Institutional,2017-12-26,870233,1884510,1014277
Asset Manager/Institutional,2017-12-19,897370,1898796,1001426
Asset Manager/Institutional,2017-12-12,774398,1776065,1001667
Asset Manager/Institutional,2017-12-05,808098,1769133,961035
Asset Manager/Institutional,2017-11-28,892402,1831790,939388
Asset Manager/Institutional,2017-11-21,887715,1822360,934645
Asset Manager/Institutional,2017-11-14,888795,1819311,930516
Asset Manager/Institutional,2017-11-07,886352,1836898,950546
Asset Manager/Institutional,2017-10-31,928268,1870841,942573
Asset Manager/Institutional,2017-10-24,948652,1899891,951239
Asset Manager/Institutional,2017-10-17,955288,1922467,967179
Asset Manager/Institutional,2017-10-10,966162,1922923,956761
Asset Manager/Institutional,2017-10-03,941813,1914444,972631
Asset Manager/Institutional,2017-09-26,989465,2000046,1010581
Asset Manager/Institutional,2017-09-19,1035307,2052391,1017084
Asset Manager/Institutional,2017-09-12,900271,1755114,854843
Asset Manager/Institutional,2017-09-05,780778,1603883,823105
Asset Manager/Institutional,2017-08-29,782599,1628041,845442
Asset Manager/Institutional,2017-08-22,790028,1616707,826679
Asset Manager/Institutional,2017-08-15,831612,1653353,821741
Asset Manager/Institutional,2017-08-08,862207,1686761,824554
Asset Manager/Institutional,2017-08-01,818951,1639722,820771
Asset Manager/Institutional,2017-07-25,780181,1602686,822505
Asset Manager/Institutional,2017-07-18,744765,1542307,797542
Asset Manager/Institutional,2017-07-11,716941,1516796,799855
Asset Manager/Institutional,2017-07-03,654617,1499508,844891
Asset Manager/Institutional,2017-06-27,706569,1522265,815696
Asset Manager/Institutional,2017-06-20,782471,1574723,792252
Asset Manager/Institutional,2017-06-13,654485,1426081,771596
Asset Manager/Institutional,2017-06-06,653348,1428163,774815
Asset Manager/Institutional,2017-05-30,669090,1458513,789423
Asset Manager/Institutional,2017-05-23,657008,1437701,780693
Asset Manager/Institutional,2017-05-16,665544,1472363,806819
Asset Manager/Institutional,2017-05-09,689473,1472349,782876
Asset Manager/Institutional,2017-05-02,804158,1545726,741568
Asset Manager/Institutional,2017-04-25,782661,1518424,735763
Asset Manager/Institutional,2017-04-18,694941,1513390,818449
Asset Manager/Institutional,2017-04-11,706786,1532587,825801
Asset Manager/Institutional,2017-04-04,696717,1535075,838358
Asset Manager/Institutional,2017-03-28,697948,1563404,865456
Asset Manager/Institutional,2017-03-21,666811,1555591,888780
Asset Manager/Institutional,2017-03-14,695693,1516835,821142
Asset Manager/Institutional,2017-03-07,643707,1453151,809444
Asset Manager/Institutional,2017-02-28,686462,1496773,810311
Asset Manager/Institutional,2017-02-21,686300,1510446,824146
Asset Manager/Institutional,2017-02-14,627859,1491375,863516
Asset Manager/Institutional,2017-02-07,600713,1479150,878437
Asset Manager/Institutional,2017-01-31,604850,1473499,868649
Asset Manager/Institutional,2017-01-24,579337,1458666,879329
Asset Manager/Institutional,2017-01-17,556007,1475472,919465
Asset Manager/Institutional,2017-01-10,505457,1472372,966915
Asset Manager/Institutional,2017-01-03,437736,1430788,993052
Asset Manager/Institutional,2016-12-27,421516,1416545,995029
Asset Manager/Institutional,2016-12-20,468330,1448416,980086
Asset Manager/Institutional,2016-12-13,332516,1337843,1005327
Asset Manager/Institutional,2016-12-06,266056,1302161,1036105
Asset Manager/Institutional,2016-11-29,366548,1400691,1034143
Asset Manager/Institutional,2016-11-22,319796,1348967,1029171
Asset Manager/Institutional,2016-11-15,310497,1322211,1011714
Asset Manager/Institutional,2016-11-08,263399,1305187,1041788
Asset Manager/Institutional,2016-11-01,305154,1335423,1030269
Asset Manager/Institutional,2016-10-25,422399,1445809,1023410
Asset Manager/Institutional,2016-10-18,409901,1424184,1014283
Asset Manager/Institutional,2016-10-11,416054,1386372,970318
Asset Manager/Institutional,2016-10-04,466521,1415630,949109
Asset Manager/Institutional,2016-09-27,518169,1468382,950213
Asset Manager/Institutional,2016-09-20,492625,1467734,975109
Asset Manager/Institutional,2016-09-13,422590,1389847,967257
Asset Manager/Institutional,2016-09-06,563587,1482643,919056
Asset Manager/Institutional,2016-08-30,553832,1474100,920268
Asset Manager/Institutional,2016-08-23,549595,1474506,924911
Asset Manager/Institutional,2016-08-16,515602,1468323,952721
Asset Manager/Institutional,2016-08-09,521683,1459205,937522
Asset Manager/Institutional,2016-08-02,465835,1421501,955666
Asset Manager/Institutional,2016-07-26,496563,1475873,979310
Asset Manager/Institutional,2016-07-19,483900,1476791,992891
Asset Manager/Institutional,2016-07-12,391224,1406326,1015102
Asset Manager/Institutional,2016-07-05,347876,1386369,1038493
Asset Manager/Institutional,2016-06-28,207468,1310208,1102740
Asset Manager/Institutional,2016-06-21,353750,1393742,1039992
Asset Manager/Institutional,2016-06-14,410284,1352616,942332
Asset Manager/Institutional,2016-06-07,491430,1416547,925117
Asset Manager/Institutional,2016-05-31,472738,1392196,919458
Asset Manager/Institutional,2016-05-24,437722,1395859,958137
Asset Manager/Institutional,2016-05-17,388015,1341108,953093
Asset Manager/Institutional,2016-05-10,389743,1324449,934706
Asset Manager/Institutional,2016-05-03,353037,1316482,963445
Asset Manager/Institutional,2016-04-26,436167,1370596,934429
Asset Manager/Institutional,2016-04-19,452495,1356279,903784
Asset Manager/Institutional,2016-04-12,314477,1279840,965363
Asset Manager/Institutional,2016-04-05,275065,1243774,968709
Asset Manager/Institutional,2016-03-29,288839,1277438,988599
Asset Manager/Institutional,2016-03-22,332000,1301617,969617
Asset Manager/Institutional,2016-03-15,241120,1287732,1046612
Asset Manager/Institutional,2016-03-08,245987,1252307,1006320
Asset Manager/Institutional,2016-03-01,309188,1255930,946742
Asset Manager/Institutional,2016-02-23,303990,1289255,985265
Asset Manager/Institutional,2016-02-16,251052,1270629,1019577
Asset Manager/Institutional,2016-02-09,256140,1286771,1030631
Asset Manager/Institutional,2016-02-02,290043,1274545,984502
Asset Manager/Institutional,2016-01-26,230919,1245612,1014693
Asset Manager/Institutional,2016-01-19,266202,1245607,979405
Asset Manager/Institutional,2016-01-12,295582,1217468,921886
Asset Manager/Institutional,2016-01-05,394744,1204510,809766
Asset Manager/Institutional,2015-12-29,534244,1276814,742570
Asset Manager/Institutional,2015-12-22,454644,1227687,773043
Asset Manager/Institutional,2015-12-15,446167,1187076,740909
Asset Manager/Institutional,2015-12-08,509652,1209866,700214
Asset Manager/Institutional,2015-12-01,528878,1239166,710288
Asset Manager/Institutional,2015-11-24,533902,1250939,717037
Asset Manager/Institutional,2015-11-17,534155,1253871,719716
Asset Manager/Institutional,2015-11-10,639813,1349136,709323
Asset Manager/Institutional,2015-11-03,713734,1419536,705802
Asset Manager/Institutional,2015-10-27,664100,1385611,721511
Asset Manager/Institutional,2015-10-20,575933,1344312,768379
Asset Manager/Institutional,2015-10-13,530990,1300890,769900
Asset Manager/Institutional,2015-10-06,426686,1221709,795023
Asset Manager/Institutional,2015-09-29,245624,1107882,862258
Asset Manager/Institutional,2015-09-22,247556,1118560,871004
Asset Manager/Institutional,2015-09-15,270452,1157149,886697
Asset Manager/Institutional,2015-09-08,258685,1132837,874152
Asset Manager/Institutional,2015-09-01,306540,1138657,832117
Asset Manager/Institutional,2015-08-25,437597,1232479,794882
Asset Manager/Institutional,2015-08-18,702159,1305780,603621
Asset Manager/Institutional,2015-08-11,724304,1313202,588898
Asset Manager/Institutional,2015-08-04,730211,1304594,574383
Asset Manager/Institutional,2015-07-28,762594,1333112,570518
Asset Manager/Institutional,2015-07-21,828439,1363486,535047
Asset Manager/Institutional,2015-07-14,794895,1345470,550575
Asset Manager/Institutional,2015-07-07,784721,1342240,557519
Asset Manager/Institutional,2015-06-30,788465,1336940,548475
Asset Manager/Institutional,2015-06-23,891185,1403461,512276
Asset Manager/Institutional,2015-06-16,702645,1293514,590869
Asset Manager/Institutional,2015-06-09,758823,1355572,596749
Asset Manager/Institutional,2015-06-02,843496,1413368,569872
Asset Manager/Institutional,2015-05-26,836605,1390694,554089
Asset Manager/Institutional,2015-05-19,860072,1399859,539787
Asset Manager/Institutional,2015-05-12,815374,1372690,557316
Asset Manager/Institutional,2015-05-05,829534,1377118,547584
Asset Manager/Institutional,2015-04-28,855421,1420729,565308
Asset Manager/Institutional,2015-04-21,829348,1397423,568075
Asset Manager/Institutional,2015-04-14,869558,1416084,546526
Asset Manager/Institutional,2015-04-07,844081,1390029,545948
Asset Manager/Institutional,2015-03-31,852127,1398559,546432
Asset Manager/Institutional,2015-03-24,885729,1435412,549683
Asset Manager/Institutional,2015-03-17,754977,1390996,636019
Asset Manager/Institutional,2015-03-10,779506,1397094,617588
Asset Manager/Institutional,2015-03-03,892252,1440687,548435
Asset Manager/Institutional,2015-02-24,935248,1460812,525564
Asset Manager/Institutional,2015-02-17,910207,1430645,520438
Asset Manager/Institutional,2015-02-10,873435,1428808,555373
Asset Manager/Institutional,2015-02-03,888677,1439014,550337
Asset Manager/Institutional,2015-01-27,948562,1457655,509093
Asset Manager/Institutional,2015-01-20,920068,1446754,526686
Asset Manager/Institutional,2015-01-13,973990,1488994,515004
Asset Manager/Institutional,2015-01-06,979771,1491946,512175
Asset Manager/Institutional,2014-12-30,1054561,1547529,492968
Asset Manager/Institutional,2014-12-23,1035868,1547379,511511
Asset Manager/Institutional,2014-12-16,834778,1463435,628657
Asset Manager/Institutional,2014-12-09,988118,1565371,577253
Asset Manager/Institutional,2014-12-02,1000062,1572103,572041
Asset Manager/Institutional,2014-11-25,1014510,1588239,573729
Asset Manager/Institutional,2014-11-18,994877,1564149,569272
Asset Manager/Institutional,2014-11-11,929231,1499025,569794
Asset Manager/Institutional,2014-11-04,884498,1467640,583142
Asset Manager/Institutional,2014-10-28,914654,1486974,572320
Asset Manager/Institutional,2014-10-21,907049,1465086,558037
Asset Manager/Institutional,2014-10-14,903243,1464904,561661
Asset Manager/Institutional,2014-10-07,947247,1472914,525667
Asset Manager/Institutional,2014-09-30,1032376,1538452,506076
Asset Manager/Institutional,2014-09-23,1084298,1578013,493715
Asset Manager/Institutional,2014-09-16,956051,1469827,513776
Asset Manager/Institutional,2014-09-09,965054,1470591,505537
Asset Manager/Institutional,2014-09-02,983081,1477415,494334
Asset Manager/Institutional,2014-08-26,990520,1483691,493171
Asset Manager/Institutional,2014-08-19,992566,1485577,493011
Asset Manager/Institutional,2014-08-12,961219,1456959,495740
Asset Manager/Institutional,2014-08-05,976554,1455538,478984
Asset Manager/Institutional,2014-07-29,1108864,1545735,436871
Asset Manager/Institutional,2014-07-22,1099969,1531973,432004
Asset Manager/Institutional,2014-07-15,1107718,1537151,429433
Asset Manager/Institutional,2014-07-08,1099199,1534244,435045
Asset Manager/Institutional,2014-07-01,1077585,1533903,456318
Asset Manager/Institutional,2014-06-24,1101497,1534564,433067
Asset Manager/Institutional,2014-06-17,1036168,1445662,409494
Asset Manager/Institutional,2014-06-10,1083199,1481283,398084
Asset Manager/Institutional,2014-06-03,1076151,1490595,414444
Asset Manager/Institutional,2014-05-27,1030113,1445001,414888
Asset Manager/Institutional,2014-05-20,983891,1410589,426698
Asset Manager/Institutional,2014-05-13,1014428,1435990,421562
Asset Manager/Institutional,2014-05-06,985822,1420536,434714
Asset Manager/Institutional,2014-04-29,990338,1410528,420190
Asset Manager/Institutional,2014-04-22,1004116,1423179,419063
Asset Manager/Institutional,2014-04-15,1007871,1450117,442246
Asset Manager/Institutional,2014-04-08,1070287,1484526,414239
Asset Manager/Institutional,2014-04-01,1121473,1512248,390775
Asset Manager/Institutional,2014-03-25,1142625,1539508,396883
Asset Manager/Institutional,2014-03-18,1007903,1487155,479252
Asset Manager/Institutional,2014-03-11,1016944,1474711,457767
Asset Manager/Institutional,2014-03-04,991248,1462059,470811
Asset Manager/Institutional,2014-02-25,949780,1426536,476756
Asset Manager/Institutional,2014-02-18,1029527,1477776,448249
Asset Manager/Institutional,2014-02-11,1016771,1472728,455957
Asset Manager/Institutional,2014-02-04,885662,1398523,512861
Asset Manager/Institutional,2014-01-28,988260,1449241,460981
Asset Manager/Institutional,2014-01-21,1110141,1530397,420256
Asset Manager/Institutional,2014-01-14,1127286,1540782,413496
Asset Manager/Institutional,2014-01-07,1100692,1507580,406888
Asset Manager/Institutional,2013-12-31,1097512,1503255,405743
Asset Manager/Institutional,2013-12-24,1066473,1491012,424539
Asset Manager/Institutional,2013-12-17,928384,1422336,493952
Asset Manager/Institutional,2013-12-10,962291,1412130,449839
Asset Manager/Institutional,2013-12-03,940893,1393372,452479
Asset Manager/Institutional,2013-11-26,957543,1417746,460203
Asset Manager/Institutional,2013-11-19,967175,1426240,459065
Asset Manager/Institutional,2013-11-12,978723,1428731,450008
Asset Manager/Institutional,2013-11-05,976732,1436974,460242
Asset Manager/Institutional,2013-10-29,995069,1460893,465824
Asset Manager/Institutional,2013-10-22,901403,1399497,498094
Asset Manager/Institutional,2013-10-15,835873,1342075,506202
Asset Manager/Institutional,2013-10-08,830861,1346023,515162
Asset Manager/Institutional,2013-10-01,880254,1361056,480802
Asset Manager/Institutional,2013-09-24,915223,1406112,490889
Asset Manager/Institutional,2013-09-17,927446,1439234,511788
Asset Manager/Institutional,2013-09-10,901696,1408333,506637
Asset Manager/Institutional,2013-09-03,836162,1400215,564053
Asset Manager/Institutional,2013-08-27,853064,1440517,587453
Asset Manager/Institutional,2013-08-20,907328,1485381,578053
Asset Manager/Institutional,2013-08-13,993414,1538756,545342
Asset Manager/Institutional,2013-08-06,1012515,1545818,533303
Asset Manager/Institutional,2013-07-30,1016775,1553908,537133
Asset Manager/Institutional,2013-07-23,1002164,1544670,542506
Asset Manager/Institutional,2013-07-16,938145,1507882,569737
Asset Manager/Institutional,2013-07-09,879538,1470665,591127
Asset Manager/Institutional,2013-07-02,806452,1429863,623411
Asset Manager/Institutional,2013-06-25,796847,1475103,678256
Asset Manager/Institutional,2013-06-18,1119831,1682945,563114
Asset Manager/Institutional,2013-06-11,1088442,1679303,590861
Asset Manager/Institutional,2013-06-04,1174931,1720242,545311
Asset Manager/Institutional,2013-05-28,1238821,1756599,517778
Asset Manager/Institutional,2013-05-21,1196383,1711627,515244
Asset Manager/Institutional,2013-05-14,1101766,1629616,527850
Asset Manager/Institutional,2013-05-07,1058387,1607665,549278
Asset Manager/Institutional,2013-04-30,1029402,1581949,552547
Asset Manager/Institutional,2013-04-23,1001647,1574727,573080
Asset Manager/Institutional,2013-04-16,1064525,1628874,564349
Asset Manager/Institutional,2013-04-09,1004122,1609822,605700
Asset Manager/Institutional,2013-04-02,1053839,1608929,555090
Asset Manager/Institutional,2013-03-26,1025208,1588592,563384
Asset Manager/Institutional,2013-03-19,967754,1548078,580324
Asset Manager/Institutional,2013-03-12,885992,1453799,567807
Asset Manager/Institutional,2013-03-05,851219,1430197,578978
Asset Manager/Institutional,2013-02-26,977282,1588007,610725
Asset Manager/Institutional,2013-02-19,1029739,1610058,580319
Asset Manager/Institutional,2013-02-12,1037730,1620075,582345
Asset Manager/Institutional,2013-02-05,1064287,1649872,585585
Asset Manager/Institutional,2013-01-29,1132523,1689778,557255
Asset Manager/Institutional,2013-01-22,1060147,1622177,562030
Asset Manager/Institutional,2013-01-15,1002618,1577362,574744
Asset Manager/Institutional,2013-01-08,982598,1567698,585100
Asset Manager/Institutional,2012-12-31,898675,1524693,626018
Asset Manager/Institutional,2012-12-24,932976,1557360,624384
Asset Manager/Institutional,2012-12-18,828179,1482498,654319
Asset Manager/Institutional,2012-12-11,742366,1449364,706998
Asset Manager/Institutional,2012-12-04,746548,1462958,716410
Asset Manager/Institutional,2012-11-27,751095,1499618,748523
Asset Manager/Institutional,2012-11-20,726049,1480101,754052
Asset Manager/Institutional,2012-11-13,715850,1490440,774590
Asset Manager/Institutional,2012-11-06,916347,1622778,706431
Asset Manager/Institutional,2012-10-30,982307,1707738,725431
Asset Manager/Institutional,2012-10-23,971122,1691361,720239
Asset Manager/Institutional,2012-10-16,968213,1661181,692968
Asset Manager/Institutional,2012-10-09,953847,1657990,704143
Asset Manager/Institutional,2012-10-02,940127,1676117,735990
Asset Manager/Institutional,2012-09-25,932794,1644655,711861
Asset Manager/Institutional,2012-09-18,973735,1679835,706100
Asset Manager/Institutional,2012-09-11,841405,1577363,735958
Asset Manager/Institutional,2012-09-04,811902,1581971,770069
Asset Manager/Institutional,2012-08-28,842292,1608923,766631
Asset Manager/Institutional,2012-08-21,817305,1560643,743338
Asset Manager/Institutional,2012-08-14,800868,1545139,744271
Asset Manager/Institutional,2012-08-07,729238,1481773,752535
Asset Manager/Institutional,2012-07-31,700267,1462017,761750
Asset Manager/Institutional,2012-07-24,609790,1493263,883473
Asset Manager/Institutional,2012-07-17,638551,1488292,849741
Asset Manager/Institutional,2012-07-10,651310,1511260,859950
Asset Manager/Institutional,2012-07-03,668320,1491404,823084
Asset Manager/Institutional,2012-06-26,592534,1510641,918107
Asset Manager/Institutional,2012-06-19,681015,1486889,805874
Asset Manager/Institutional,2012-06-12,676203,1504943,828740
Asset Manager/Institutional,2012-06-05,498826,1402288,903462
Asset Manager/Institutional,2012-05-29,581196,1409063,827867
Asset Manager/Institutional,2012-05-22,606162,1429633,823471
Asset Manager/Institutional,2012-05-15,608029,1426672,818643
Asset Manager/Institutional,2012-05-08,695994,1463090,767096
Asset Manager/Institutional,2012-05-01,749413,1475737,726324
Asset Manager/Institutional,2012-04-24,716345,1498497,782152
Asset Manager/Institutional,2012-04-17,761170,1523470,762300
Asset Manager/Institutional,2012-04-10,760704,1526542,765838
Asset Manager/Institutional,2012-04-03,847410,1551542,704132
Asset Manager/Institutional,2012-03-27,907257,1608735,701478
Asset Manager/Institutional,2012-03-20,853151,1581701,728550
Asset Manager/Institutional,2012-03-13,895735,1657458,761723
Asset Manager/Institutional,2012-03-06,832538,1597449,764911
Asset Manager/Institutional,2012-02-28,892151,1629114,736963
Asset Manager/Institutional,2012-02-21,875317,1595460,720143
Asset Manager/Institutional,2012-02-14,829141,1564190,735049
Asset Manager/Institutional,2012-02-07,731485,1477659,746174
Asset Manager/Institutional,2012-01-31,655560,1462166,806606
Asset Manager/Institutional,2012-01-24,652587,1453979,801392
Asset Manager/Institutional,2012-01-17,576799,1424149,847350
Asset Manager/Institutional,2012-01-10,502761,1387643,884882
Asset Manager/Institutional,2012-01-03,476381,1368222,891841
Asset Manager/Institutional,2011-12-27,510835,1398966,888131
Asset Manager/Institutional,2011-12-20,433361,1361054,927693
Asset Manager/Institutional,2011-12-13,453798,1381590,927792
Asset Manager/Institutional,2011-12-06,514338,1371958,857620
Asset Manager/Institutional,2011-11-29,466168,1376407,910239
Asset Manager/Institutional,2011-11-22,393462,1369823,976361
Asset Manager/Institutional,2011-11-15,453506,1361604,908098
Asset Manager/Institutional,2011-11-08,519472,1369561,850089
Asset Manager/Institutional,2011-11-01,429729,1315817,886088
Asset Manager/Institutional,2011-10-25,411233,1412543,1001310
Asset Manager/Institutional,2011-10-18,443899,1438808,994909
Asset Manager/Institutional,2011-10-11,363019,1426405,1063386
Asset Manager/Institutional,2011-10-04,176344,1406478,1230134
Asset Manager/Institutional,2011-09-27,322445,1436113,1113668
Asset Manager/Institutional,2011-09-20,509581,1487081,977500
Asset Manager/Institutional,2011-09-13,416426,1536444,1120018
Asset Manager/Institutional,2011-09-06,510903,1562395,1051492
Asset Manager/Institutional,2011-08-30,650175,1563116,912941
Asset Manager/Institutional,2011-08-23,575867,1507838,931971
Asset Manager/Institutional,2011-08-16,636707,1489746,853039
Asset Manager/Institutional,2011-08-09,625378,1453773,828395
Asset Manager/Institutional,2011-08-02,715720,1410235,694515
Asset Manager/Institutional,2011-07-26,942528,1409579,467051
Asset Manager/Institutional,2011-07-19,875899,1407226,531327
Asset Manager/Institutional,2011-07-12,852123,1391535,539412
Asset Manager/Institutional,2011-07-05,952837,1388900,436063
Asset Manager/Institutional,2011-06-28,955495,1442021,486526
Asset Manager/Institutional,2011-06-21,907531,1454650,547119
Asset Manager/Institutional,2011-06-14,917901,1482862,564961
Asset Manager/Institutional,2011-06-07,928077,1473589,545512
Asset Manager/Institutional,2011-05-31,989537,1486702,497165
Asset Manager/Institutional,2011-05-24,967308,1484373,517065
Asset Manager/Institutional,2011-05-17,961110,1467364,506254
Asset Manager/Institutional,2011-05-10,989001,1444936,455935
Asset Manager/Institutional,2011-05-03,961150,1423824,462674
Asset Manager/Institutional,2011-04-26,964138,1444381,480243
Asset Manager/Institutional,2011-04-19,926327,1421645,495318
Asset Manager/Institutional,2011-04-12,913371,1392395,479024
Asset Manager/Institutional,2011-04-05,911009,1393929,482920
Asset Manager/Institutional,2011-03-29,930209,1429496,499287
Asset Manager/Institutional,2011-03-22,890265,1425705,535440
Asset Manager/Institutional,2011-03-15,927942,1475296,547354
Asset Manager/Institutional,2011-03-08,968225,1466460,498235
Asset Manager/Institutional,2011-03-01,953652,1459608,505956
Asset Manager/Institutional,2011-02-22,1031898,1509867,477969
Asset Manager/Institutional,2011-02-15,1023642,1506041,482399
Asset Manager/Institutional,2011-02-08,1019386,1502384,482998
Asset Manager/Institutional,2011-02-01,932919,1458376,525457
Asset Manager/Institutional,2011-01-25,1005013,1504610,499597
Asset Manager/Institutional,2011-01-18,995303,1465872,470569
Asset Manager/Institutional,2011-01-11,952630,1447230,494600
Asset Manager/Institutional,2011-01-04,987792,1465386,477594
Asset Manager/Institutional,2010-12-28,1032756,1485495,452739
Asset Manager/Institutional,2010-12-21,985392,1454745,469353
Asset Manager/Institutional,2010-12-14,1062479,1549447,486968
Asset Manager/Institutional,2010-12-07,1009550,1528053,518503
Asset Manager/Institutional,2010-11-30,946294,1527882,581588
Asset Manager/Institutional,2010-11-23,959326,1523627,564301
Asset Manager/Institutional,2010-11-16,945852,1515285,569433
Asset Manager/Institutional,2010-11-09,1026125,1541940,515815
Asset Manager/Institutional,2010-11-02,945349,1500166,554817
Asset Manager/Institutional,2010-10-26,972311,1528119,555808
Asset Manager/Institutional,2010-10-19,945885,1524849,578964
Asset Manager/Institutional,2010-10-12,919011,1507390,588379
Asset Manager/Institutional,2010-10-05,858659,1478187,619528
Asset Manager/Institutional,2010-09-28,882907,1500225,617318
Asset Manager/Institutional,2010-09-21,867503,1504403,636900
Asset Manager/Institutional,2010-09-14,768142,1516176,748034
Asset Manager/Institutional,2010-09-07,661411,1458679,797268
Asset Manager/Institutional,2010-08-31,634213,1482157,847944
Asset Manager/Institutional,2010-08-24,613804,1440571,826767
Asset Manager/Institutional,2010-08-17,657868,1419361,761493
Asset Manager/Institutional,2010-08-10,778577,1463008,684431
Asset Manager/Institutional,2010-08-03,737273,1428733,691460
Asset Manager/Institutional,2010-07-27,762751,1468895,706144
Asset Manager/Institutional,2010-07-20,761197,1483694,722497
Asset Manager/Institutional,2010-07-13,800439,1492209,691770
Asset Manager/Institutional,2010-07-06,702324,1509462,807138
Asset Manager/Institutional,2010-06-29,685273,1485092,799819
Asset Manager/Institutional,2010-06-22,758068,1433999,675931
Asset Manager/Institutional,2010-06-15,691077,1403238,712161
Asset Manager/Institutional,2010-06-08,650959,1406958,755999
Asset Manager/Institutional,2010-06-01,742923,1425684,682761
Asset Manager/Institutional,2010-05-25,611463,1283230,671767
Asset Manager/Institutional,2010-05-18,788266,1362682,574416
Asset Manager/Institutional,2010-05-11,800613,1352443,551830
Asset Manager/Institutional,2010-05-04,812237,1335557,523320
Asset Manager/Institutional,2010-04-27,836554,1312825,476271
Asset Manager/Institutional,2010-04-20,836149,1304823,468674
Asset Manager/Institutional,2010-04-13,809525,1277048,467523
Asset Manager/Institutional,2010-04-06,819188,1291333,472145
Asset Manager/Institutional,2010-03-30,857479,1353753,496274
Asset Manager/Institutional,2010-03-23,810270,1304431,494161
Asset Manager/Institutional,2010-03-16,775688,1309765,534077
Asset Manager/Institutional,2010-03-09,722458,1296473,574015
Asset Manager/Institutional,2010-03-02,729315,1339626,610311
Asset Manager/Institutional,2010-02-23,721089,1377659,656570
Asset Manager/Institutional,2010-02-16,701043,1350775,649732
Asset Manager/Institutional,2010-02-09,659878,1338379,678501
Asset Manager/Institutional,2010-02-02,639875,1358512,718637
Asset Manager/Institutional,2010-01-26,762286,1446038,683752
Asset Manager/Institutional,2010-01-19,987234,1418939,431705
Asset Manager/Institutional,2010-01-12,990970,1427718,436748
Asset Manager/Institutional,2010-01-05,988325,1407625,419300
Asset Manager/Institutional,2009-12-29,1038056,1458976,420920
Asset Manager/Institutional,2009-12-22,981493,1430543,449050
Asset Manager/Institutional,2009-12-15,1046253,1463036,416783
Asset Manager/Institutional,2009-12-08,1036732,1452402,415670
Asset Manager/Institutional,2009-12-01,1045482,1462759,417277
Asset Manager/Institutional,2009-11-24,1025530,1426528,400998
Asset Manager/Institutional,2009-11-17,1039618,1431105,391487
Asset Manager/Institutional,2009-11-09,1002751,1445194,442443
Asset Manager/Institutional,2009-11-03,811531,1408079,596548
Asset Manager/Institutional,2009-10-27,917831,1384640,466809
Asset Manager/Institutional,2009-10-20,957992,1384358,426366
Asset Manager/Institutional,2009-10-13,895462,1330857,435395
Asset Manager/Institutional,2009-10-06,851682,1323880,472198
Asset Manager/Institutional,2009-09-29,909222,1348981,439759
Asset Manager/Institutional,2009-09-22,876389,1337756,461367
Asset Manager/Institutional,2009-09-15,920518,1425119,504601
Asset Manager/Institutional,2009-09-08,888278,1416909,528631
Asset Manager/Institutional,2009-09-01,927729,1455071,527342
Asset Manager/Institutional,2009-08-25,915432,1434901,519469
Asset Manager/Institutional,2009-08-18,905891,1475090,569199
Asset Manager/Institutional,2009-08-11,887665,1475393,587728
Asset Manager/Institutional,2009-08-04,854894,1459302,604408
Asset Manager/Institutional,2009-07-28,833282,1457064,623782
Asset Manager/Institutional,2009-07-21,763375,1408158,644783
Asset Manager/Institutional,2009-07-14,718410,1411562,693152
Asset Manager/Institutional,2009-07-07,712496,1409997,697501
Asset Manager/Institutional,2009-06-30,760532,1424010,663478
Asset Manager/Institutional,2009-06-23,743429,1421349,677920
Asset Manager/Institutional,2009-06-16,850995,1448012,597017
Asset Manager/Institutional,2009-06-09,936973,1466718,529745
Asset Manager/Institutional,2009-06-02,936724,1504115,567391
Asset Manager/Institutional,2009-05-26,864400,1465592,601192
Asset Manager/Institutional,2009-05-19,842641,1465989,623348
Asset Manager/Institutional,2009-05-12,850560,1464899,614339
Asset Manager/Institutional,2009-05-05,814236,1437202,622966
Asset Manager/Institutional,2009-04-28,765317,1465703,700386
Asset Manager/Institutional,2009-04-21,637367,1384195,746828
Asset Manager/Institutional,2009-04-14,667443,1377564,710121
Asset Manager/Institutional,2009-04-07,652918,1371449,718531
Asset Manager/Institutional,2009-03-31,670126,1389908,719782
Asset Manager/Institutional,2009-03-24,744292,1425162,680870
Asset Manager/Institutional,2009-03-17,692078,1484952,792874
Asset Manager/Institutional,2009-03-10,616249,1393793,777544
Asset Manager/Institutional,2009-03-03,729627,1452373,722746
Asset Manager/Institutional,2009-02-24,743208,1412493,669285
Asset Manager/Institutional,2009-02-17,730485,1388698,658213
Asset Manager/Institutional,2009-02-10,792834,1400654,607820
Asset Manager/Institutional,2009-02-03,775395,1400245,624850
Asset Manager/Institutional,2009-01-27,791761,1454552,662791
Asset Manager/Institutional,2009-01-20,718740,1418803,700063
Asset Manager/Institutional,2009-01-13,813735,1409244,595509
Asset Manager/Institutional,2009-01-06,940261,1433439,493178
Asset Manager/Institutional,2008-12-30,782935,1312609,529674
Asset Manager/Institutional,2008-12-22,787869,1306033,518164
Asset Manager/Institutional,2008-12-16,821555,1348635,527080
Asset Manager/Institutional,2008-12-09,663616,1220903,557287
Asset Manager/Institutional,2008-12-02,737406,1251971,514565
Asset Manager/Institutional,2008-11-25,708440,1195948,487508
Asset Manager/Institutional,2008-11-18,694257,1146469,452212
Asset Manager/Institutional,2008-11-11,653311,1046368,393057
Asset Manager/Institutional,2008-11-04,705596,1067684,362088
Asset Manager/Institutional,2008-10-28,562110,1027021,464911
Asset Manager/Institutional,2008-10-21,589983,998109,408126
Asset Manager/Institutional,2008-10-14,587953,977300,389347
Asset Manager/Institutional,2008-10-07,453431,863061,409630
Asset Manager/Institutional,2008-09-30,619065,912113,293048
Asset Manager/Institutional,2008-09-23,617519,884298,266779
Asset Manager/Institutional,2008-09-16,577741,833410,255669
Asset Manager/Institutional,2008-09-09,669639,860362,190723
Asset Manager/Institutional,2008-09-02,701289,859517,158228
Asset Manager/Institutional,2008-08-26,736109,911481,175372
Asset Manager/Institutional,2008-08-19,735356,899467,164111
Asset Manager/Institutional,2008-08-12,696215,907419,211204
Asset Manager/Institutional,2008-08-05,675094,920114,245020
Asset Manager/Institutional,2008-07-29,662790,932814,270024
Asset Manager/Institutional,2008-07-22,661084,953280,292196
Asset Manager/Institutional,2008-07-15,653815,948671,294856
Asset Manager/Institutional,2008-07-08,696755,953750,256995
Asset Manager/Institutional,2008-07-01,737743,935444,197701
Asset Manager/Institutional,2008-06-24,756539,926416,169877
Asset Manager/Institutional,2008-06-17,736292,908248,171956
Asset Manager/Institutional,2008-06-10,779264,921717,142453
Asset Manager/Institutional,2008-06-03,791824,930814,138990
Asset Manager/Institutional,2008-05-27,797870,937191,139321
Asset Manager/Institutional,2008-05-20,865823,974952,109129
Asset Manager/Institutional,2008-05-13,870499,956184,85685
Asset Manager/Institutional,2008-05-06,843639,924633,80994
Asset Manager/Institutional,2008-04-29,833800,922225,88425
Asset Manager/Institutional,2008-04-22,827936,917570,89634
Asset Manager/Institutional,2008-04-15,822032,921926,99894
Asset Manager/Institutional,2008-04-08,945069,1032560,87491
Asset Manager/Institutional,2008-04-01,874387,1004069,129682
Asset Manager/Institutional,2008-03-25,830622,985016,154394
Asset Manager/Institutional,2008-03-18,784770,964126,179356
Asset Manager/Institutional,2008-03-11,721098,946757,225659
Asset Manager/Institutional,2008-03-04,745992,949952,203960
Asset Manager/Institutional,2008-02-26,745398,944748,199350
Asset Manager/Institutional,2008-02-19,767635,963454,195819
Asset Manager/Institutional,2008-02-12,774461,964789,190328
Asset Manager/Institutional,2008-02-05,815285,984164,168879
Asset Manager/Institutional,2008-01-29,830661,964831,134170
Asset Manager/Institutional,2008-01-22,730635,888236,157601
Asset Manager/Institutional,2008-01-15,759911,906632,146721
Asset Manager/Institutional,2008-01-08,758951,905973,147022
Asset Manager/Institutional,2007-12-31,760353,895440,135087
Asset Manager/Institutional,2007-12-24,731943,867804,135861
Asset Manager/Institutional,2007-12-18,739567,872580,133013
Asset Manager/Institutional,2007-12-11,663586,881187,217601
Asset Manager/Institutional,2007-12-04,669042,865299,196257
Asset Manager/Institutional,2007-11-27,709582,894509,184927
Asset Manager/Institutional,2007-11-20,715389,900197,184808
Asset Manager/Institutional,2007-11-13,717182,850920,133738
Asset Manager/Institutional,2007-11-06,723219,841292,118073
Asset Manager/Institutional,2007-10-30,708531,825736,117205
Asset Manager/Institutional,2007-10-23,692078,817978,125900
Asset Manager/Institutional,2007-10-16,675566,803465,127899
Asset Manager/Institutional,2007-10-09,616843,732006,115163
Asset Manager/Institutional,2007-10-02,574514,710782,136268
Asset Manager/Institutional,2007-09-25,556770,710342,153572
Asset Manager/Institutional,2007-09-18,541276,693055,151779
Asset Manager/Institutional,2007-09-11,491493,671097,179604
Asset Manager/Institutional,2007-09-04,476279,659423,183144
Asset Manager/Institutional,2007-08-28,500648,657190,156542
Asset Manager/Institutional,2007-08-21,492465,642397,149932
Asset Manager/Institutional,2007-08-14,504059,662832,158773
Asset Manager/Institutional,2007-08-07,530008,672772,142764
Asset Manager/Institutional,2007-07-31,549521,669172,119651
Asset Manager/Institutional,2007-07-24,619270,724250,104980
Asset Manager/Institutional,2007-07-17,546271,649943,103672
Asset Manager/Institutional,2007-07-10,556392,654425,98033
Asset Manager/Institutional,2007-07-03,541964,636463,94499
Asset Manager/Institutional,2007-06-26,565925,657294,91369
Asset Manager/Institutional,2007-06-19,550661,657525,106864
Asset Manager/Institutional,2007-06-12,578999,677406,98407
Asset Manager/Institutional,2007-06-05,590939,680184,89245
Asset Manager/Institutional,2007-05-29,568746,657847,89101
Asset Manager/Institutional,2007-05-22,543364,643687,100323
Asset Manager/Institutional,2007-05-15,531140,647993,116853
Asset Manager/Institutional,2007-05-08,502589,633668,131079
Asset Manager/Institutional,2007-05-01,476147,627342,151195
Asset Manager/Institutional,2007-04-24,506732,651029,144297
Asset Manager/Institutional,2007-04-17,474036,616146,142110
Asset Manager/Institutional,2007-04-10,476874,619623,142749
Asset Manager/Institutional,2007-04-03,463289,609316,146027
Asset Manager/Institutional,2007-03-27,457342,611845,154503
Asset Manager/Institutional,2007-03-20,422507,621037,198530
Asset Manager/Institutional,2007-03-13,430284,624050,193766
Asset Manager/Institutional,2007-03-06,425426,625800,200374
Asset Manager/Institutional,2007-02-27,432323,601284,168961
Asset Manager/Institutional,2007-02-20,410397,595661,185264
Asset Manager/Institutional,2007-02-13,380134,570272,190138
Asset Manager/Institutional,2007-02-06,391607,576020,184413
Asset Manager/Institutional,2007-01-30,393388,585481,192093
Asset Manager/Institutional,2007-01-23,359676,552074,192398
Asset Manager/Institutional,2007-01-16,366607,549154,182547
Asset Manager/Institutional,2007-01-09,359203,558791,199588
Asset Manager/Institutional,2007-01-03,351193,530370,179177
Asset Manager/Institutional,2006-12-26,404627,574007,169380
Asset Manager/Institutional,2006-12-19,406938,576079,169141
Asset Manager/Institutional,2006-12-12,457658,620277,162619
Asset Manager/Institutional,2006-12-05,422936,590439,167503
Asset Manager/Institutional,2006-11-28,362496,533964,171468
Asset Manager/Institutional,2006-11-21,346220,524867,178647
Asset Manager/Institutional,2006-11-14,315390,500454,185064
Asset Manager/Institutional,2006-11-07,310070,497710,187640
Asset Manager/Institutional,2006-10-31,298168,500863,202695
Asset Manager/Institutional,2006-10-24,353693,515491,161798
Asset Manager/Institutional,2006-10-17,372792,517004,144212
Asset Manager/Institutional,2006-10-10,377965,518085,140120
Asset Manager/Institutional,2006-10-03,365474,510310,144836
Asset Manager/Institutional,2006-09-26,380465,526139,145674
Asset Manager/Institutional,2006-09-19,373762,517081,143319
Asset Manager/Institutional,2006-09-12,298903,460804,161901
Asset Manager/Institutional,2006-09-05,277126,454253,177127
Asset Manager/Institutional,2006-08-29,248133,431637,183504
Asset Manager/Institutional,2006-08-22,244651,430445,185794
Asset Manager/Institutional,2006-08-15,222440,417719,195279
Asset Manager/Institutional,2006-08-08,198940,402950,204010
Asset Manager/Institutional,2006-08-01,186563,395224,208661
Asset Manager/Institutional,2006-07-25,193612,405377,211765
Asset Manager/Institutional,2006-07-18,173799,405059,231260
Asset Manager/Institutional,2006-07-11,203926,412168,208242
Asset Manager/Institutional,2006-07-03,196994,415093,218099
Asset Manager/Institutional,2006-06-27,178393,406586,228193
Asset Manager/Institutional,2006-06-20,200848,428479,227631
Asset Manager/Institutional,2006-06-13,166759,388010,221251
Dealer/Intermediary,2024-10-08,-993735,228769,1222504
Dealer/Intermediary,2024-10-01,-1011787,219408,1231195
Dealer/Intermediary,2024-09-24,-987088,201430,1188518
Dealer/Intermediary,2024-09-17,-838034,247255,1085289
Dealer/Intermediary,2024-09-10,-884889,247657,1132546
Dealer/Intermediary,2024-09-03,-892401,246896,1139297
Dealer/Intermediary,2024-08-27,-841483,240440,1081923
Dealer/Intermediary,2024-08-20,-756987,260438,1017425
Dealer/Intermediary,2024-08-13,-797349,252229,1049578
Dealer/Intermediary,2024-08-06,-849523,240564,1090087
Dealer/Intermediary,2024-07-30,-881747,217077,1098824
Dealer/Intermediary,2024-07-23,-850899,234223,1085122
Dealer/Intermediary,2024-07-09,-729339,293188,1022527
Dealer/Intermediary,2024-06-25,-767694,268417,1036111
Dealer/Intermediary,2024-06-18,-667502,365487,1032989
Dealer/Intermediary,2024-06-11,-678360,399194,1077554
Dealer/Intermediary,2024-06-04,-689036,371555,1060591
Dealer/Intermediary,2024-05-28,-686683,357229,1043912
Dealer/Intermediary,2024-05-21,-677747,353289,1031036
Dealer/Intermediary,2024-05-14,-637591,344257,981848
Dealer/Intermediary,2024-05-07,-618851,333267,952118
Dealer/Intermediary,2024-04-30,-643064,327456,970520
Dealer/Intermediary,2024-04-23,-675096,341096,1016192
Dealer/Intermediary,2024-04-16,-689755,343303,1033058
Dealer/Intermediary,2024-04-09,-723951,343400,1067351
Dealer/Intermediary,2024-04-02,-657296,363958,1021254
Dealer/Intermediary,2024-03-26,-633020,350160,983180
Dealer/Intermediary,2024-03-19,-672932,332965,1005897
Dealer/Intermediary,2024-03-12,-562015,435558,997573
Dealer/Intermediary,2024-03-05,-596817,450531,1047348
Dealer/Intermediary,2024-02-27,-654669,417817,1072486
Dealer/Intermediary,2024-02-20,-652550,430746,1083296
Dealer/Intermediary,2024-02-13,-651363,436341,1087704
Dealer/Intermediary,2024-02-06,-645037,422758,1067795
Dealer/Intermediary,2024-01-30,-703522,399951,1103473
Dealer/Intermediary,2024-01-23,-663621,388767,1052388
Dealer/Intermediary,2024-01-16,-690959,349170,1040129
Dealer/Intermediary,2024-01-09,-747982,343285,1091267
Dealer/Intermediary,2024-01-02,-669468,390860,1060328
Dealer/Intermediary,2023-12-26,-593827,421717,1015544
Dealer/Intermediary,2023-12-19,-598788,385993,984781
Dealer/Intermediary,2023-12-12,-475445,513613,989058
Dealer/Intermediary,2023-12-05,-492986,454623,947609
Dealer/Intermediary,2023-11-28,-458088,456569,914657
Dealer/Intermediary,2023-11-21,-455165,456774,911939
Dealer/Intermediary,2023-11-14,-434584,431755,866339
Dealer/Intermediary,2023-11-07,-364991,452734,817725
Dealer/Intermediary,2023-10-31,-324754,489677,814431
Dealer/Intermediary,2023-10-24,-318694,464533,783227
Dealer/Intermediary,2023-10-17,-319958,447456,767414
Dealer/Intermediary,2023-10-10,-295898,453300,749198
Dealer/Intermediary,2023-10-03,-357555,457760,815315
Dealer/Intermediary,2023-09-26,-377503,433802,811305
Dealer/Intermediary,2023-09-19,-409118,410246,819364
Dealer/Intermediary,2023-09-12,-426648,465666,892314
Dealer/Intermediary,2023-09-05,-345662,525440,871102
Dealer/Intermediary,2023-08-29,-325511,524737,850248
Dealer/Intermediary,2023-08-22,-330217,526234,856451
Dealer/Intermediary,2023-08-15,-335595,520603,856198
Dealer/Intermediary,2023-08-08,-335103,493771,828874
Dealer/Intermediary,2023-08-01,-357007,480199,837206
Dealer/Intermediary,2023-07-25,-365356,465145,830501
Dealer/Intermediary,2023-07-18,-409962,465845,875807
Dealer/Intermediary,2023-07-11,-343358,473002,816360
Dealer/Intermediary,2023-07-03,-357498,460897,818395
Dealer/Intermediary,2023-06-27,-320712,482935,803647
Dealer/Intermediary,2023-06-20,-260130,482466,742596
Dealer/Intermediary,2023-06-13,-15496,660469,675965
Dealer/Intermediary,2023-06-06,66756,705391,638635
Dealer/Intermediary,2023-05-30,93263,727418,634155
Dealer/Intermediary,2023-05-23,82497,653150,570653
Dealer/Intermediary,2023-05-16,143776,624563,480787
Dealer/Intermediary,2023-05-09,161811,613683,451872
Dealer/Intermediary,2023-05-02,144707,609650,464943
Dealer/Intermediary,2023-04-25,120577,583213,462636
Dealer/Intermediary,2023-04-18,194835,621623,426788
Dealer/Intermediary,2023-04-11,230141,648213,418072
Dealer/Intermediary,2023-04-04,265174,657478,392304
Dealer/Intermediary,2023-03-28,267234,631302,364068
Dealer/Intermediary,2023-03-21,218513,607772,389259
Dealer/Intermediary,2023-03-14,49855,485961,436106
Dealer/Intermediary,2023-03-07,3894,463003,459109
Dealer/Intermediary,2023-02-28,-32218,456056,488274
Dealer/Intermediary,2023-02-21,-37186,435967,473153
Dealer/Intermediary,2023-02-14,-30446,445865,476311
Dealer/Intermediary,2023-02-07,-89058,418770,507828
Dealer/Intermediary,2023-01-31,-82214,408202,490416
Dealer/Intermediary,2023-01-24,-64864,384730,449594
Dealer/Intermediary,2023-01-17,-46508,415355,461863
Dealer/Intermediary,2023-01-10,-39262,391427,430689
Dealer/Intermediary,2023-01-03,-33044,364525,397569
Dealer/Intermediary,2022-12-27,-66073,347171,413244
Dealer/Intermediary,2022-12-20,-115559,327580,443139
Dealer/Intermediary,2022-12-13,67492,552227,484735
Dealer/Intermediary,2022-12-06,64635,576812,512177
Dealer/Intermediary,2022-11-29,40809,582296,541487
Dealer/Intermediary,2022-11-22,80515,572372,491857
Dealer/Intermediary,2022-11-15,147352,603127,455775
Dealer/Intermediary,2022-11-08,207498,630723,423225
Dealer/Intermediary,2022-11-01,199035,645044,446009
Dealer/Intermediary,2022-10-25,384586,736659,352073
Dealer/Intermediary,2022-10-18,437476,760719,323243
Dealer/Intermediary,2022-10-11,464023,775230,311207
Dealer/Intermediary,2022-10-04,461278,776488,315210
Dealer/Intermediary,2022-09-27,475351,784964,309613
Dealer/Intermediary,2022-09-20,507092,769449,262357
Dealer/Intermediary,2022-09-13,655588,852910,197322
Dealer/Intermediary,2022-09-06,565854,807350,241496
Dealer/Intermediary,2022-08-30,521891,789683,267792
Dealer/Intermediary,2022-08-23,514685,782753,268068
Dealer/Intermediary,2022-08-16,577612,801250,223638
Dealer/Intermediary,2022-08-09,576812,796351,219539
Dealer/Intermediary,2022-08-02,521103,762823,241720
Dealer/Intermediary,2022-07-26,442402,734306,291904
Dealer/Intermediary,2022-07-19,468457,727217,258760
Dealer/Intermediary,2022-07-12,418631,708233,289602
Dealer/Intermediary,2022-07-05,367058,693574,326516
Dealer/Intermediary,2022-06-28,347390,661114,313724
Dealer/Intermediary,2022-06-21,293538,617331,323793
Dealer/Intermediary,2022-06-14,248038,629614,381576
Dealer/Intermediary,2022-06-07,225626,610591,384965
Dealer/Intermediary,2022-05-31,165058,586335,421277
Dealer/Intermediary,2022-05-24,138158,544589,406431
Dealer/Intermediary,2022-05-17,126009,510698,384689
Dealer/Intermediary,2022-05-10,85567,496017,410450
Dealer/Intermediary,2022-05-03,86853,476857,390004
Dealer/Intermediary,2022-04-26,-6196,463569,469765
Dealer/Intermediary,2022-04-19,180,448950,448770
Dealer/Intermediary,2022-04-12,-24396,451537,475933
Dealer/Intermediary,2022-04-05,83019,464480,381461
Dealer/Intermediary,2022-03-29,136952,468138,331186
Dealer/Intermediary,2022-03-22,121408,467029,345621
Dealer/Intermediary,2022-03-15,-108214,436516,544730
Dealer/Intermediary,2022-03-08,-176941,447463,624404
Dealer/Intermediary,2022-03-01,-161130,453512,614642
Dealer/Intermediary,2022-02-22,-328806,397011,725817
Dealer/Intermediary,2022-02-15,-289044,368651,657695
Dealer/Intermediary,2022-02-08,-364018,336559,700577
Dealer/Intermediary,2022-02-01,-441588,310704,752292
Dealer/Intermediary,2022-01-25,-635847,264426,900273
Dealer/Intermediary,2022-01-18,-555129,275838,830967
Dealer/Intermediary,2022-01-11,-513333,287372,800705
Dealer/Intermediary,2022-01-04,-502740,292442,795182
Dealer/Intermediary,2021-12-28,-478087,311217,789304
Dealer/Intermediary,2021-12-21,-499911,299654,799565
Dealer/Intermediary,2021-12-14,-464985,354881,819866
Dealer/Intermediary,2021-12-07,-477822,352331,830153
Dealer/Intermediary,2021-11-30,-488419,340136,828555
Dealer/Intermediary,2021-11-23,-537735,328268,866003
Dealer/Intermediary,2021-11-16,-527615,343507,871122
Dealer/Intermediary,2021-11-09,-506061,336822,842883
Dealer/Intermediary,2021-11-02,-471725,341550,813275
Dealer/Intermediary,2021-10-26,-456200,363538,819738
Dealer/Intermediary,2021-10-19,-398633,372255,770888
Dealer/Intermediary,2021-10-12,-454908,359251,814159
Dealer/Intermediary,2021-10-05,-456955,356226,813181
Dealer/Intermediary,2021-09-28,-470399,347886,818285
Dealer/Intermediary,2021-09-21,-482376,340174,822550
Dealer/Intermediary,2021-09-14,-540724,394278,935002
Dealer/Intermediary,2021-09-07,-538030,398047,936077
Dealer/Intermediary,2021-08-31,-505968,397895,903863
Dealer/Intermediary,2021-08-24,-469260,396949,866209
Dealer/Intermediary,2021-08-17,-465903,386057,851960
Dealer/Intermediary,2021-08-10,-463915,379716,843631
Dealer/Intermediary,2021-07-27,-493486,367172,860658
Dealer/Intermediary,2021-07-20,-513580,365257,878837
Dealer/Intermediary,2021-07-13,-510787,352323,863110
Dealer/Intermediary,2021-07-06,-522722,338214,860936
Dealer/Intermediary,2021-06-29,-560914,314217,875131
Dealer/Intermediary,2021-06-22,-578349,301985,880334
Dealer/Intermediary,2021-06-08,-545686,419977,965663
Dealer/Intermediary,2021-06-01,-530925,418241,949166
Dealer/Intermediary,2021-05-25,-539958,409971,949929
Dealer/Intermediary,2021-05-18,-516984,404884,921868
Dealer/Intermediary,2021-05-11,-496194,438605,934799
Dealer/Intermediary,2021-05-04,-479605,468227,947832
Dealer/Intermediary,2021-04-27,-499594,452056,951650
Dealer/Intermediary,2021-04-20,-512477,455668,968145
Dealer/Intermediary,2021-04-13,-481342,469022,950364
Dealer/Intermediary,2021-04-06,-467616,496737,964353
Dealer/Intermediary,2021-03-30,-441031,525613,966644
Dealer/Intermediary,2021-03-23,-415319,539753,955072
Dealer/Intermediary,2021-03-16,-285809,623857,909666
Dealer/Intermediary,2021-03-09,-300682,627509,928191
Dealer/Intermediary,2021-03-02,-242618,671583,914201
Dealer/Intermediary,2021-02-23,-366865,550837,917702
Dealer/Intermediary,2021-02-16,-329177,556758,885935
Dealer/Intermediary,2021-02-09,-364730,538756,903486
Dealer/Intermediary,2021-02-02,-367989,528450,896439
Dealer/Intermediary,2021-01-26,-398316,498423,896739
Dealer/Intermediary,2021-01-19,-427729,451557,879286
Dealer/Intermediary,2021-01-12,-435376,427111,862487
Dealer/Intermediary,2021-01-05,-432033,396999,829032
Dealer/Intermediary,2020-12-29,-463639,367406,831045
Dealer/Intermediary,2020-12-21,-481067,364885,845952
Dealer/Intermediary,2020-12-15,-300303,496559,796862
Dealer/Intermediary,2020-12-08,-279624,472210,751834
Dealer/Intermediary,2020-12-01,-252627,462838,715465
Dealer/Intermediary,2020-11-24,-223970,431912,655882
Dealer/Intermediary,2020-11-17,-255782,416543,672325
Dealer/Intermediary,2020-11-10,-237461,409734,647195
Dealer/Intermediary,2020-11-03,-188319,418060,606379
Dealer/Intermediary,2020-10-27,-233418,408961,642379
Dealer/Intermediary,2020-10-20,-216438,417774,634212
Dealer/Intermediary,2020-10-13,-191961,430193,622154
Dealer/Intermediary,2020-10-06,-81799,486447,568246
Dealer/Intermediary,2020-09-29,-95919,476033,571952
Dealer/Intermediary,2020-09-22,-74670,524039,598709
Dealer/Intermediary,2020-09-15,48725,536801,488076
Dealer/Intermediary,2020-09-08,78615,569890,491275
Dealer/Intermediary,2020-09-01,109368,603402,494034
Dealer/Intermediary,2020-08-25,109524,603765,494241
Dealer/Intermediary,2020-08-18,122295,602693,480398
Dealer/Intermediary,2020-08-11,183778,629852,446074
Dealer/Intermediary,2020-08-04,217811,639634,421823
Dealer/Intermediary,2020-07-28,153873,591357,437484
Dealer/Intermediary,2020-07-21,238472,617070,378598
Dealer/Intermediary,2020-07-14,246481,593914,347433
Dealer/Intermediary,2020-07-07,222235,570309,348074
Dealer/Intermediary,2020-06-30,196846,547725,350879
Dealer/Intermediary,2020-06-23,202055,523108,321053
Dealer/Intermediary,2020-06-16,-62453,589989,652442
Dealer/Intermediary,2020-06-09,-59708,619013,678721
Dealer/Intermediary,2020-06-02,-23482,651338,674820
Dealer/Intermediary,2020-05-26,-30250,647323,677573
Dealer/Intermediary,2020-05-19,-9678,659949,669627
Dealer/Intermediary,2020-05-12,-59377,628013,687390
Dealer/Intermediary,2020-05-05,-71928,630785,702713
Dealer/Intermediary,2020-04-28,-155784,609238,765022
Dealer/Intermediary,2020-04-21,-203779,589489,793268
Dealer/Intermediary,2020-04-14,-219076,588752,807828
Dealer/Intermediary,2020-04-07,-239256,560061,799317
Dealer/Intermediary,2020-03-31,-224204,542441,766645
Dealer/Intermediary,2020-03-24,-421089,482897,903986
Dealer/Intermediary,2020-03-17,-756236,305600,1061836
Dealer/Intermediary,2020-03-10,-609601,293007,902608
Dealer/Intermediary,2020-03-03,-765406,258750,1024156
Dealer/Intermediary,2020-02-25,-862666,278949,1141615
Dealer/Intermediary,2020-02-18,-907961,259824,1167785
Dealer/Intermediary,2020-02-11,-881127,261035,1142162
Dealer/Intermediary,2020-02-04,-899747,244580,1144327
Dealer/Intermediary,2020-01-28,-883877,254387,1138264
Dealer/Intermediary,2020-01-21,-844130,253126,1097256
Dealer/Intermediary,2020-01-14,-834944,232656,1067600
Dealer/Intermediary,2020-01-07,-743737,286075,1029812
Dealer/Intermediary,2019-12-31,-782251,294847,1077098
Dealer/Intermediary,2019-12-24,-757841,331126,1088967
Dealer/Intermediary,2019-12-17,-630031,363530,993561
Dealer/Intermediary,2019-12-10,-534355,397091,931446
Dealer/Intermediary,2019-12-03,-495618,412089,907707
Dealer/Intermediary,2019-11-26,-478888,409437,888325
Dealer/Intermediary,2019-11-19,-451966,388030,839996
Dealer/Intermediary,2019-11-12,-427166,370022,797188
Dealer/Intermediary,2019-11-05,-388900,368043,756943
Dealer/Intermediary,2019-10-29,-370775,362638,733413
Dealer/Intermediary,2019-10-22,-307353,351259,658612
Dealer/Intermediary,2019-10-15,-323996,348017,672013
Dealer/Intermediary,2019-10-08,-309452,350455,659907
Dealer/Intermediary,2019-10-01,-335498,312704,648202
Dealer/Intermediary,2019-09-24,-343185,296978,640163
Dealer/Intermediary,2019-09-17,-242843,399118,641961
Dealer/Intermediary,2019-09-10,-166587,413008,579595
Dealer/Intermediary,2019-09-03,-100422,397039,497461
Dealer/Intermediary,2019-08-27,-115250,413197,528447
Dealer/Intermediary,2019-08-20,-143497,396915,540412
Dealer/Intermediary,2019-08-13,-181070,366906,547976
Dealer/Intermediary,2019-08-06,-245278,346549,591827
Dealer/Intermediary,2019-07-30,-350897,342381,693278
Dealer/Intermediary,2019-07-23,-357770,335243,693013
Dealer/Intermediary,2019-07-16,-361491,315526,677017
Dealer/Intermediary,2019-07-09,-309650,317341,626991
Dealer/Intermediary,2019-07-02,-321241,315480,636721
Dealer/Intermediary,2019-06-25,-359538,280102,639640
Dealer/Intermediary,2019-06-18,-281970,369013,650983
Dealer/Intermediary,2019-06-11,-306221,357491,663712
Dealer/Intermediary,2019-06-04,-324037,348024,672061
Dealer/Intermediary,2019-05-28,-326377,374140,700517
Dealer/Intermediary,2019-05-21,-315430,378197,693627
Dealer/Intermediary,2019-05-14,-339140,389137,728277
Dealer/Intermediary,2019-05-07,-385354,386971,772325
Dealer/Intermediary,2019-04-30,-437362,377341,814703
Dealer/Intermediary,2019-04-23,-394882,402683,797565
Dealer/Intermediary,2019-04-16,-371496,408297,779793
Dealer/Intermediary,2019-04-09,-341220,414554,755774
Dealer/Intermediary,2019-04-02,-322335,396328,718663
Dealer/Intermediary,2019-03-26,-360128,364107,724235
Dealer/Intermediary,2019-03-19,-332831,365461,698292
Dealer/Intermediary,2019-03-12,-233163,442876,676039
Dealer/Intermediary,2019-03-05,-210506,450046,660552
Dealer/Intermediary,2019-02-26,-316492,415222,731714
Dealer/Intermediary,2019-02-19,-235622,441600,677222
Dealer/Intermediary,2019-02-12,-259814,438181,697995
Dealer/Intermediary,2019-02-05,-292597,425418,718015
Dealer/Intermediary,2019-01-29,-452700,405212,857912
Dealer/Intermediary,2019-01-22,-426953,396003,822956
Dealer/Intermediary,2019-01-15,-469980,374504,844484
Dealer/Intermediary,2019-01-08,-581039,323337,904376
Dealer/Intermediary,2018-12-31,-655078,317653,972731
Dealer/Intermediary,2018-12-24,-756778,302984,1059762
Dealer/Intermediary,2018-12-18,-501612,456741,958353
Dealer/Intermediary,2018-12-11,-358338,504176,862514
Dealer/Intermediary,2018-12-04,-328543,492444,820987
Dealer/Intermediary,2018-11-27,-393790,464564,858354
Dealer/Intermediary,2018-11-20,-407606,472555,880161
Dealer/Intermediary,2018-11-13,-327729,461750,789479
Dealer/Intermediary,2018-11-06,-286023,461651,747674
Dealer/Intermediary,2018-10-30,-368601,458650,827251
Dealer/Intermediary,2018-10-23,-410486,446523,857009
Dealer/Intermediary,2018-10-16,-504004,390856,894860
Dealer/Intermediary,2018-10-09,-586759,346717,933476
Dealer/Intermediary,2018-10-02,-668593,271476,940069
Dealer/Intermediary,2018-09-25,-688469,261224,949693
Dealer/Intermediary,2018-09-18,-572873,364195,937068
Dealer/Intermediary,2018-09-11,-561303,361456,922759
Dealer/Intermediary,2018-09-04,-545227,337623,882850
Dealer/Intermediary,2018-08-28,-511463,322096,833559
Dealer/Intermediary,2018-08-21,-428962,336753,765715
Dealer/Intermediary,2018-08-14,-482977,316916,799893
Dealer/Intermediary,2018-08-07,-479905,321821,801726
Dealer/Intermediary,2018-07-31,-528358,288160,816518
Dealer/Intermediary,2018-07-24,-498551,298826,797377
Dealer/Intermediary,2018-07-17,-501741,270936,772677
Dealer/Intermediary,2018-07-10,-534400,237822,772222
Dealer/Intermediary,2018-07-03,-533506,232035,765541
Dealer/Intermediary,2018-06-26,-538672,220007,758679
Dealer/Intermediary,2018-06-19,-615049,202083,817132
Dealer/Intermediary,2018-06-12,-826779,300546,1127325
Dealer/Intermediary,2018-06-05,-775434,325703,1101137
Dealer/Intermediary,2018-05-29,-731928,348526,1080454
Dealer/Intermediary,2018-05-22,-766223,332021,1098244
Dealer/Intermediary,2018-05-15,-795521,317130,1112651
Dealer/Intermediary,2018-05-08,-824683,310965,1135648
Dealer/Intermediary,2018-05-01,-870919,296918,1167837
Dealer/Intermediary,2018-04-24,-869682,302244,1171926
Dealer/Intermediary,2018-04-17,-806019,297461,1103480
Dealer/Intermediary,2018-04-10,-730542,318531,1049073
Dealer/Intermediary,2018-04-03,-696581,315181,1011762
Dealer/Intermediary,2018-03-27,-761593,281062,1042655
Dealer/Intermediary,2018-03-20,-733420,236770,970190
Dealer/Intermediary,2018-03-13,-732918,482563,1215481
Dealer/Intermediary,2018-03-06,-736345,485296,1221641
Dealer/Intermediary,2018-02-27,-774138,480139,1254277
Dealer/Intermediary,2018-02-20,-718754,500926,1219680
Dealer/Intermediary,2018-02-13,-768197,450937,1219134
Dealer/Intermediary,2018-02-06,-943984,395302,1339286
Dealer/Intermediary,2018-01-30,-1005044,322732,1327776
Dealer/Intermediary,2018-01-23,-907474,344101,1251575
Dealer/Intermediary,2018-01-16,-884526,307639,1192165
Dealer/Intermediary,2018-01-09,-829338,308857,1138195
Dealer/Intermediary,2018-01-02,-796362,303875,1100237
Dealer/Intermediary,2017-12-26,-729610,319336,1048946
Dealer/Intermediary,2017-12-19,-713975,270353,984328
Dealer/Intermediary,2017-12-12,-649957,394492,1044449
Dealer/Intermediary,2017-12-05,-632217,393465,1025682
Dealer/Intermediary,2017-11-28,-620297,366237,986534
Dealer/Intermediary,2017-11-21,-629413,362217,991630
Dealer/Intermediary,2017-11-14,-650168,341841,992009
Dealer/Intermediary,2017-11-07,-607778,360124,967902
Dealer/Intermediary,2017-10-31,-687711,333816,1021527
Dealer/Intermediary,2017-10-24,-653554,331132,984686
Dealer/Intermediary,2017-10-17,-616170,304769,920939
Dealer/Intermediary,2017-10-10,-621706,299796,921502
Dealer/Intermediary,2017-10-03,-549817,290668,840485
Dealer/Intermediary,2017-09-26,-519960,306213,826173
Dealer/Intermediary,2017-09-19,-560916,290686,851602
Dealer/Intermediary,2017-09-12,-554112,341721,895833
Dealer/Intermediary,2017-09-05,-427845,353410,781255
Dealer/Intermediary,2017-08-29,-476365,333460,809825
Dealer/Intermediary,2017-08-22,-472063,303176,775239
Dealer/Intermediary,2017-08-15,-441175,303929,745104
Dealer/Intermediary,2017-08-08,-388272,305946,694218
Dealer/Intermediary,2017-08-01,-388434,298457,686891
Dealer/Intermediary,2017-07-25,-467561,264088,731649
Dealer/Intermediary,2017-07-18,-435427,249489,684916
Dealer/Intermediary,2017-07-11,-452556,218020,670576
Dealer/Intermediary,2017-07-03,-420968,232962,653930
Dealer/Intermediary,2017-06-27,-422027,208596,630623
Dealer/Intermediary,2017-06-20,-458340,186543,644883
Dealer/Intermediary,2017-06-13,-345245,290282,635527
Dealer/Intermediary,2017-06-06,-345022,297641,642663
Dealer/Intermediary,2017-05-30,-325668,289619,615287
Dealer/Intermediary,2017-05-23,-308601,301566,610167
Dealer/Intermediary,2017-05-16,-330339,309641,639980
Dealer/Intermediary,2017-05-09,-396874,269149,666023
Dealer/Intermediary,2017-05-02,-436361,252492,688853
Dealer/Intermediary,2017-04-25,-468252,227443,695695
Dealer/Intermediary,2017-04-18,-412747,224549,637296
Dealer/Intermediary,2017-04-11,-377296,225169,602465
Dealer/Intermediary,2017-04-04,-355271,249575,604846
Dealer/Intermediary,2017-03-28,-346118,240163,586281
Dealer/Intermediary,2017-03-21,-301741,249906,551647
Dealer/Intermediary,2017-03-14,-399441,285604,685045
Dealer/Intermediary,2017-03-07,-406352,266536,672888
Dealer/Intermediary,2017-02-28,-364589,279361,643950
Dealer/Intermediary,2017-02-21,-328479,292885,621364
Dealer/Intermediary,2017-02-14,-280697,308177,588874
Dealer/Intermediary,2017-02-07,-252253,305639,557892
Dealer/Intermediary,2017-01-31,-290556,283520,574076
Dealer/Intermediary,2017-01-24,-251223,299971,551194
Dealer/Intermediary,2017-01-17,-209240,287586,496826
Dealer/Intermediary,2017-01-10,-226546,286581,513127
Dealer/Intermediary,2017-01-03,-251420,276800,528220
Dealer/Intermediary,2016-12-27,-167783,314196,481979
Dealer/Intermediary,2016-12-20,-163435,320368,483803
Dealer/Intermediary,2016-12-13,-35403,434631,470034
Dealer/Intermediary,2016-12-06,-14313,425503,439816
Dealer/Intermediary,2016-11-29,-78119,372143,450262
Dealer/Intermediary,2016-11-22,-77883,358158,436041
Dealer/Intermediary,2016-11-15,-104105,326647,430752
Dealer/Intermediary,2016-11-08,-180752,328923,509675
Dealer/Intermediary,2016-11-01,-149056,383756,532812
Dealer/Intermediary,2016-10-25,-102690,415334,518024
Dealer/Intermediary,2016-10-18,-123973,384660,508633
Dealer/Intermediary,2016-10-11,-64571,399145,463716
Dealer/Intermediary,2016-10-04,-77016,397712,474728
Dealer/Intermediary,2016-09-27,-105613,383907,489520
Dealer/Intermediary,2016-09-20,-117114,381474,498588
Dealer/Intermediary,2016-09-13,-106104,326649,432753
Dealer/Intermediary,2016-09-06,-157801,308846,466647
Dealer/Intermediary,2016-08-30,-177730,293821,471551
Dealer/Intermediary,2016-08-23,-170434,294433,464867
Dealer/Intermediary,2016-08-16,-141014,293341,434355
Dealer/Intermediary,2016-08-09,-121975,300581,422556
Dealer/Intermediary,2016-08-02,-88616,319227,407843
Dealer/Intermediary,2016-07-26,-132875,305442,438317
Dealer/Intermediary,2016-07-19,-122319,307459,429778
Dealer/Intermediary,2016-07-12,18616,355458,336842
Dealer/Intermediary,2016-07-05,169416,440900,271484
Dealer/Intermediary,2016-06-28,227290,451389,224099
Dealer/Intermediary,2016-06-21,11763,311524,299761
Dealer/Intermediary,2016-06-14,-38360,401712,440072
Dealer/Intermediary,2016-06-07,42355,471049,428694
Dealer/Intermediary,2016-05-31,31777,437898,406121
Dealer/Intermediary,2016-05-24,55572,419807,364235
Dealer/Intermediary,2016-05-17,125873,461467,335594
Dealer/Intermediary,2016-05-10,112712,453953,341241
Dealer/Intermediary,2016-05-03,110395,443988,333593
Dealer/Intermediary,2016-04-26,7450,413237,405787
Dealer/Intermediary,2016-04-19,52238,466603,414365
Dealer/Intermediary,2016-04-12,161374,527608,366234
Dealer/Intermediary,2016-04-05,221651,580129,358478
Dealer/Intermediary,2016-03-29,255759,590390,334631
Dealer/Intermediary,2016-03-22,248397,574355,325958
Dealer/Intermediary,2016-03-15,13527,502171,488644
Dealer/Intermediary,2016-03-08,1027,493571,492544
Dealer/Intermediary,2016-03-01,-58216,455366,513582
Dealer/Intermediary,2016-02-23,-39129,439166,478295
Dealer/Intermediary,2016-02-16,-27343,450662,478005
Dealer/Intermediary,2016-02-09,-28024,452635,480659
Dealer/Intermediary,2016-02-02,2492,455327,452835
Dealer/Intermediary,2016-01-26,-56459,425384,481843
Dealer/Intermediary,2016-01-19,-75222,397450,472672
Dealer/Intermediary,2016-01-12,-164538,320989,485527
Dealer/Intermediary,2016-01-05,-230787,252002,482789
Dealer/Intermediary,2015-12-29,-290905,232860,523765
Dealer/Intermediary,2015-12-22,-275864,234456,510320
Dealer/Intermediary,2015-12-15,-168481,415759,584240
Dealer/Intermediary,2015-12-08,-101834,477524,579358
Dealer/Intermediary,2015-12-01,-54061,532898,586959
Dealer/Intermediary,2015-11-24,-31509,539713,571222
Dealer/Intermediary,2015-11-17,-14030,558570,572600
Dealer/Intermediary,2015-11-10,-42567,555466,598033
Dealer/Intermediary,2015-11-03,-62615,514920,577535
Dealer/Intermediary,2015-10-27,-68104,500265,568369
Dealer/Intermediary,2015-10-20,52149,576792,524643
Dealer/Intermediary,2015-10-13,75297,562213,486916
Dealer/Intermediary,2015-10-06,140748,612321,471573
Dealer/Intermediary,2015-09-29,125729,591303,465574
Dealer/Intermediary,2015-09-22,168360,605419,437059
Dealer/Intermediary,2015-09-15,75627,690817,615190
Dealer/Intermediary,2015-09-08,64127,654422,590295
Dealer/Intermediary,2015-09-01,-87788,597782,685570
Dealer/Intermediary,2015-08-25,-362392,445997,808389
Dealer/Intermediary,2015-08-18,-480514,334528,815042
Dealer/Intermediary,2015-08-11,-458176,322898,781074
Dealer/Intermediary,2015-08-04,-479028,298103,777131
Dealer/Intermediary,2015-07-28,-546767,265042,811809
Dealer/Intermediary,2015-07-21,-525730,240751,766481
Dealer/Intermediary,2015-07-14,-465936,247709,713645
Dealer/Intermediary,2015-07-07,-432989,267536,700525
Dealer/Intermediary,2015-06-30,-424038,260850,684888
Dealer/Intermediary,2015-06-23,-473303,253305,726608
Dealer/Intermediary,2015-06-16,-596964,241599,838563
Dealer/Intermediary,2015-06-09,-552708,227883,780591
Dealer/Intermediary,2015-06-02,-626719,215908,842627
Dealer/Intermediary,2015-05-26,-569967,215819,785786
Dealer/Intermediary,2015-05-19,-637920,203944,841864
Dealer/Intermediary,2015-05-12,-625781,200669,826450
Dealer/Intermediary,2015-05-05,-606448,195529,801977
Dealer/Intermediary,2015-04-28,-686983,187529,874512
Dealer/Intermediary,2015-04-21,-675805,186303,862108
Dealer/Intermediary,2015-04-14,-664657,192293,856950
Dealer/Intermediary,2015-04-07,-634548,190825,825373
Dealer/Intermediary,2015-03-31,-606357,200651,807008
Dealer/Intermediary,2015-03-24,-611936,205672,817608
Dealer/Intermediary,2015-03-17,-776057,242404,1018461
Dealer/Intermediary,2015-03-10,-769242,240819,1010061
Dealer/Intermediary,2015-03-03,-797109,211592,1008701
Dealer/Intermediary,2015-02-24,-823679,193039,1016718
Dealer/Intermediary,2015-02-17,-817632,174929,992561
Dealer/Intermediary,2015-02-10,-772760,180321,953081
Dealer/Intermediary,2015-02-03,-752548,177308,929856
Dealer/Intermediary,2015-01-27,-796194,177762,973956
Dealer/Intermediary,2015-01-20,-794732,174380,969112
Dealer/Intermediary,2015-01-13,-809568,177040,986608
Dealer/Intermediary,2015-01-06,-878990,181569,1060559
Dealer/Intermediary,2014-12-30,-853086,199482,1052568
Dealer/Intermediary,2014-12-23,-834552,203269,1037821
Dealer/Intermediary,2014-12-16,-848841,186736,1035577
Dealer/Intermediary,2014-12-09,-878322,192708,1071030
Dealer/Intermediary,2014-12-02,-839529,220202,1059731
Dealer/Intermediary,2014-11-25,-804401,222705,1027106
Dealer/Intermediary,2014-11-18,-815709,219967,1035676
Dealer/Intermediary,2014-11-11,-742057,235812,977869
Dealer/Intermediary,2014-11-04,-694437,233807,928244
Dealer/Intermediary,2014-10-28,-580676,245618,826294
Dealer/Intermediary,2014-10-21,-528020,249742,777762
Dealer/Intermediary,2014-10-14,-674181,212653,886834
Dealer/Intermediary,2014-10-07,-637583,221483,859066
Dealer/Intermediary,2014-09-30,-665278,212902,878180
Dealer/Intermediary,2014-09-23,-662308,231547,893855
Dealer/Intermediary,2014-09-16,-734175,270869,1005044
Dealer/Intermediary,2014-09-09,-707060,286021,993081
Dealer/Intermediary,2014-09-02,-694764,288643,983407
Dealer/Intermediary,2014-08-26,-710767,267792,978559
Dealer/Intermediary,2014-08-19,-696370,260546,956916
Dealer/Intermediary,2014-08-12,-714309,237517,951826
Dealer/Intermediary,2014-08-05,-726988,225268,952256
Dealer/Intermediary,2014-07-29,-746730,244389,991119
Dealer/Intermediary,2014-07-22,-775160,239483,1014643
Dealer/Intermediary,2014-07-15,-748855,251755,1000610
Dealer/Intermediary,2014-07-08,-694446,281634,976080
Dealer/Intermediary,2014-07-01,-702892,280776,983668
Dealer/Intermediary,2014-06-24,-670176,283242,953418
Dealer/Intermediary,2014-06-17,-758006,351421,1109427
Dealer/Intermediary,2014-06-10,-787638,312502,1100140
Dealer/Intermediary,2014-06-03,-817262,274627,1091889
Dealer/Intermediary,2014-05-27,-779080,267768,1046848
Dealer/Intermediary,2014-05-20,-715166,276880,992046
Dealer/Intermediary,2014-05-13,-761763,256165,1017928
Dealer/Intermediary,2014-05-06,-721805,257779,979584
Dealer/Intermediary,2014-04-29,-807541,252570,1060111
Dealer/Intermediary,2014-04-22,-771888,243598,1015486
Dealer/Intermediary,2014-04-15,-795135,250274,1045409
Dealer/Intermediary,2014-04-08,-854652,238354,1093006
Dealer/Intermediary,2014-04-01,-859959,246022,1105981
Dealer/Intermediary,2014-03-25,-848993,247904,1096897
Dealer/Intermediary,2014-03-18,-948605,363015,1311620
Dealer/Intermediary,2014-03-11,-904254,352997,1257251
Dealer/Intermediary,2014-03-04,-914528,362115,1276643
Dealer/Intermediary,2014-02-25,-926997,329729,1256726
Dealer/Intermediary,2014-02-18,-888524,320665,1209189
Dealer/Intermediary,2014-02-11,-860161,298259,1158420
Dealer/Intermediary,2014-02-04,-881116,281086,1162202
Dealer/Intermediary,2014-01-28,-919235,279909,1199144
Dealer/Intermediary,2014-01-21,-923770,302781,1226551
Dealer/Intermediary,2014-01-14,-870503,294871,1165374
Dealer/Intermediary,2014-01-07,-886049,284629,1170678
Dealer/Intermediary,2013-12-31,-860992,290417,1151409
Dealer/Intermediary,2013-12-24,-885518,287782,1173300
Dealer/Intermediary,2013-12-17,-988690,208682,1197372
Dealer/Intermediary,2013-12-10,-911833,223557,1135390
Dealer/Intermediary,2013-12-03,-880864,206825,1087689
Dealer/Intermediary,2013-11-26,-907968,190189,1098157
Dealer/Intermediary,2013-11-19,-907081,190740,1097821
Dealer/Intermediary,2013-11-12,-903049,166082,1069131
Dealer/Intermediary,2013-11-05,-964253,162596,1126849
Dealer/Intermediary,2013-10-29,-936088,150236,1086324
Dealer/Intermediary,2013-10-22,-889287,172358,1061645
Dealer/Intermediary,2013-10-15,-915359,158931,1074290
Dealer/Intermediary,2013-10-08,-928770,171402,1100172
Dealer/Intermediary,2013-10-01,-916525,152695,1069220
Dealer/Intermediary,2013-09-24,-922089,141852,1063941
Dealer/Intermediary,2013-09-17,-943868,130362,1074230
Dealer/Intermediary,2013-09-10,-853438,127605,981043
Dealer/Intermediary,2013-09-03,-874893,124857,999750
Dealer/Intermediary,2013-08-27,-908479,127265,1035744
Dealer/Intermediary,2013-08-20,-944805,123844,1068649
Dealer/Intermediary,2013-08-13,-950930,112648,1063578
Dealer/Intermediary,2013-08-06,-957703,111899,1069602
Dealer/Intermediary,2013-07-30,-977896,110177,1088073
Dealer/Intermediary,2013-07-23,-952620,104871,1057491
Dealer/Intermediary,2013-07-16,-900153,104547,1004700
Dealer/Intermediary,2013-07-09,-806615,112656,919271
Dealer/Intermediary,2013-07-02,-754107,126169,880276
Dealer/Intermediary,2013-06-25,-775819,117097,892916
Dealer/Intermediary,2013-06-18,-912612,239212,1151824
Dealer/Intermediary,2013-06-11,-872072,248890,1120962
Dealer/Intermediary,2013-06-04,-914504,255564,1170068
Dealer/Intermediary,2013-05-28,-1076436,273119,1349555
Dealer/Intermediary,2013-05-21,-1021964,275062,1297026
Dealer/Intermediary,2013-05-14,-984032,243743,1227775
Dealer/Intermediary,2013-05-07,-975557,225705,1201262
Dealer/Intermediary,2013-04-30,-985661,189716,1175377
Dealer/Intermediary,2013-04-23,-895537,198904,1094441
Dealer/Intermediary,2013-04-16,-934440,195612,1130052
Dealer/Intermediary,2013-04-09,-894213,209744,1103957
Dealer/Intermediary,2013-04-02,-881532,222843,1104375
Dealer/Intermediary,2013-03-26,-866891,224684,1091575
Dealer/Intermediary,2013-03-19,-832886,208261,1041147
Dealer/Intermediary,2013-03-12,-824507,312786,1137293
Dealer/Intermediary,2013-03-05,-770897,321139,1092036
Dealer/Intermediary,2013-02-26,-764352,311741,1076093
Dealer/Intermediary,2013-02-19,-696539,396050,1092589
Dealer/Intermediary,2013-02-12,-711579,372787,1084366
Dealer/Intermediary,2013-02-05,-750716,317631,1068347
Dealer/Intermediary,2013-01-29,-724509,325852,1050361
Dealer/Intermediary,2013-01-22,-663483,317076,980559
Dealer/Intermediary,2013-01-15,-710946,270281,981227
Dealer/Intermediary,2013-01-08,-749270,261583,1010853
Dealer/Intermediary,2012-12-31,-763633,229252,992885
Dealer/Intermediary,2012-12-24,-775553,225395,1000948
Dealer/Intermediary,2012-12-18,-848192,289914,1138106
Dealer/Intermediary,2012-12-11,-847037,282175,1129212
Dealer/Intermediary,2012-12-04,-767328,294843,1062171
Dealer/Intermediary,2012-11-27,-669126,338278,1007404
Dealer/Intermediary,2012-11-20,-667637,346821,1014458
Dealer/Intermediary,2012-11-13,-730125,286404,1016529
Dealer/Intermediary,2012-11-06,-772387,267394,1039781
Dealer/Intermediary,2012-10-30,-777664,274236,1051900
Dealer/Intermediary,2012-10-23,-764818,269031,1033849
Dealer/Intermediary,2012-10-16,-831630,223369,1054999
Dealer/Intermediary,2012-10-09,-806179,228027,1034206
Dealer/Intermediary,2012-10-02,-813434,199963,1013397
Dealer/Intermediary,2012-09-25,-860993,180941,1041934
Dealer/Intermediary,2012-09-18,-687407,292485,979892
Dealer/Intermediary,2012-09-11,-592918,344739,937657
Dealer/Intermediary,2012-09-04,-541005,348112,889117
Dealer/Intermediary,2012-08-28,-586181,300809,886990
Dealer/Intermediary,2012-08-21,-565367,302034,867401
Dealer/Intermediary,2012-08-14,-546561,290709,837270
Dealer/Intermediary,2012-08-07,-571472,259753,831225
Dealer/Intermediary,2012-07-31,-513164,263254,776418
Dealer/Intermediary,2012-07-24,-382053,333727,715780
Dealer/Intermediary,2012-07-17,-419561,295536,715097
Dealer/Intermediary,2012-07-10,-438042,278075,716117
Dealer/Intermediary,2012-07-03,-500242,248172,748414
Dealer/Intermediary,2012-06-26,-389486,281953,671439
Dealer/Intermediary,2012-06-19,-415919,234946,650865
Dealer/Intermediary,2012-06-12,-460808,318264,779072
Dealer/Intermediary,2012-06-05,-374674,371736,746410
Dealer/Intermediary,2012-05-29,-388355,350655,739010
Dealer/Intermediary,2012-05-22,-438894,322564,761458
Dealer/Intermediary,2012-05-15,-575030,266777,841807
Dealer/Intermediary,2012-05-08,-607863,236900,844763
Dealer/Intermediary,2012-05-01,-735464,218585,954049
Dealer/Intermediary,2012-04-24,-700076,212985,913061
Dealer/Intermediary,2012-04-17,-738271,193792,932063
Dealer/Intermediary,2012-04-10,-696014,185166,881180
Dealer/Intermediary,2012-04-03,-771917,189220,961137
Dealer/Intermediary,2012-03-27,-763905,160021,923926
Dealer/Intermediary,2012-03-20,-729573,163982,893555
Dealer/Intermediary,2012-03-13,-784062,178063,962125
Dealer/Intermediary,2012-03-06,-628837,218007,846844
Dealer/Intermediary,2012-02-28,-658679,202960,861639
Dealer/Intermediary,2012-02-21,-643707,207729,851436
Dealer/Intermediary,2012-02-14,-574351,217877,792228
Dealer/Intermediary,2012-02-07,-519970,226549,746519
Dealer/Intermediary,2012-01-31,-493657,224772,718429
Dealer/Intermediary,2012-01-24,-509840,216861,726701
Dealer/Intermediary,2012-01-17,-399615,244139,643754
Dealer/Intermediary,2012-01-10,-345800,256759,602559
Dealer/Intermediary,2012-01-03,-303577,273000,576577
Dealer/Intermediary,2011-12-27,-267065,269687,536752
Dealer/Intermediary,2011-12-20,-240014,260613,500627
Dealer/Intermediary,2011-12-13,-157484,557773,715257
Dealer/Intermediary,2011-12-06,-154294,547600,701894
Dealer/Intermediary,2011-11-29,-71430,583881,655311
Dealer/Intermediary,2011-11-22,-33687,596442,630129
Dealer/Intermediary,2011-11-15,-130637,578710,709347
Dealer/Intermediary,2011-11-08,-105651,575358,681009
Dealer/Intermediary,2011-11-01,-64767,573513,638280
Dealer/Intermediary,2011-10-25,-3737,614884,618621
Dealer/Intermediary,2011-10-18,22730,628560,605830
Dealer/Intermediary,2011-10-11,55574,611541,555967
Dealer/Intermediary,2011-10-04,147865,638451,490586
Dealer/Intermediary,2011-09-27,72296,567261,494965
Dealer/Intermediary,2011-09-20,95119,587956,492837
Dealer/Intermediary,2011-09-13,-22052,726652,748704
Dealer/Intermediary,2011-09-06,-115270,642618,757888
Dealer/Intermediary,2011-08-30,-144582,588136,732718
Dealer/Intermediary,2011-08-23,-126379,533982,660361
Dealer/Intermediary,2011-08-16,-177654,441339,618993
Dealer/Intermediary,2011-08-09,-257768,391148,648916
Dealer/Intermediary,2011-08-02,-318611,315236,633847
Dealer/Intermediary,2011-07-26,-425398,297940,723338
Dealer/Intermediary,2011-07-19,-442459,280685,723144
Dealer/Intermediary,2011-07-12,-470682,250009,720691
Dealer/Intermediary,2011-07-05,-400233,257133,657366
Dealer/Intermediary,2011-06-28,-411682,226678,638360
Dealer/Intermediary,2011-06-21,-378226,239655,617881
Dealer/Intermediary,2011-06-14,-380558,385428,765986
Dealer/Intermediary,2011-06-07,-366166,392779,758945
Dealer/Intermediary,2011-05-31,-345190,417864,763054
Dealer/Intermediary,2011-05-24,-369589,383767,753356
Dealer/Intermediary,2011-05-17,-413723,359708,773431
Dealer/Intermediary,2011-05-10,-469559,355424,824983
Dealer/Intermediary,2011-05-03,-443024,372409,815433
Dealer/Intermediary,2011-04-26,-375276,380978,756254
Dealer/Intermediary,2011-04-19,-280219,378791,659010
Dealer/Intermediary,2011-04-12,-289282,403213,692495
Dealer/Intermediary,2011-04-05,-317167,393716,710883
Dealer/Intermediary,2011-03-29,-303567,386458,690025
Dealer/Intermediary,2011-03-22,-260840,392305,653145
Dealer/Intermediary,2011-03-15,-621454,336661,958115
Dealer/Intermediary,2011-03-08,-666527,307761,974288
Dealer/Intermediary,2011-03-01,-624126,310402,934528
Dealer/Intermediary,2011-02-22,-624396,310010,934406
Dealer/Intermediary,2011-02-15,-629257,291105,920362
Dealer/Intermediary,2011-02-08,-655596,276324,931920
Dealer/Intermediary,2011-02-01,-717584,244131,961715
Dealer/Intermediary,2011-01-25,-739956,238470,978426
Dealer/Intermediary,2011-01-18,-726462,239966,966428
Dealer/Intermediary,2011-01-11,-785144,211998,997142
Dealer/Intermediary,2011-01-04,-771534,216230,987764
Dealer/Intermediary,2010-12-28,-799635,192909,992544
Dealer/Intermediary,2010-12-21,-814803,186511,1001314
Dealer/Intermediary,2010-12-14,-684030,305123,989153
Dealer/Intermediary,2010-12-07,-611064,307423,918487
Dealer/Intermediary,2010-11-30,-567404,277679,845083
Dealer/Intermediary,2010-11-23,-548160,285486,833646
Dealer/Intermediary,2010-11-16,-586682,271285,857967
Dealer/Intermediary,2010-11-09,-709231,255243,964474
Dealer/Intermediary,2010-11-02,-710117,223307,933424
Dealer/Intermediary,2010-10-26,-719055,218360,937415
Dealer/Intermediary,2010-10-19,-627696,239197,866893
Dealer/Intermediary,2010-10-12,-654446,245034,899480
Dealer/Intermediary,2010-10-05,-623127,219175,842302
Dealer/Intermediary,2010-09-28,-603261,207385,810646
Dealer/Intermediary,2010-09-21,-493875,186614,680489
Dealer/Intermediary,2010-09-14,-223821,440446,664267
Dealer/Intermediary,2010-09-07,-111713,453393,565106
Dealer/Intermediary,2010-08-31,-96486,462026,558512
Dealer/Intermediary,2010-08-24,-118417,414705,533122
Dealer/Intermediary,2010-08-17,-267280,387092,654372
Dealer/Intermediary,2010-08-10,-368816,357069,725885
Dealer/Intermediary,2010-08-03,-335590,348484,684074
Dealer/Intermediary,2010-07-27,-293541,348134,641675
Dealer/Intermediary,2010-07-20,-275848,326163,602011
Dealer/Intermediary,2010-07-13,-235751,341086,576837
Dealer/Intermediary,2010-07-06,-340145,278089,618234
Dealer/Intermediary,2010-06-29,-439553,259342,698895
Dealer/Intermediary,2010-06-22,-457704,220634,678338
Dealer/Intermediary,2010-06-15,-353116,305697,658813
Dealer/Intermediary,2010-06-08,-330310,297840,628150
Dealer/Intermediary,2010-06-01,-385727,244829,630556
Dealer/Intermediary,2010-05-25,-456767,187333,644100
Dealer/Intermediary,2010-05-18,-548672,147929,696601
Dealer/Intermediary,2010-05-11,-518925,125410,644335
Dealer/Intermediary,2010-05-04,-357443,242432,599875
Dealer/Intermediary,2010-04-27,-393667,242383,636050
Dealer/Intermediary,2010-04-20,-395059,225188,620247
Dealer/Intermediary,2010-04-13,-386324,199315,585639
Dealer/Intermediary,2010-04-06,-423841,170565,594406
Dealer/Intermediary,2010-03-30,-459411,137579,596990
Dealer/Intermediary,2010-03-23,-450215,110987,561202
Dealer/Intermediary,2010-03-16,-285166,459643,744809
Dealer/Intermediary,2010-03-09,-283411,432481,715892
Dealer/Intermediary,2010-03-02,-302685,390372,693057
Dealer/Intermediary,2010-02-23,-265452,423338,688790
Dealer/Intermediary,2010-02-16,-283797,449132,732929
Dealer/Intermediary,2010-02-09,-260750,430672,691422
Dealer/Intermediary,2010-02-02,-233640,402092,635732
Dealer/Intermediary,2010-01-26,-313811,330059,643870
Dealer/Intermediary,2010-01-19,-545351,286020,831371
Dealer/Intermediary,2010-01-12,-541071,276459,817530
Dealer/Intermediary,2010-01-05,-677345,260145,937490
Dealer/Intermediary,2009-12-29,-689216,266996,956212
Dealer/Intermediary,2009-12-22,-669811,261940,931751
Dealer/Intermediary,2009-12-15,-588701,367246,955947
Dealer/Intermediary,2009-12-08,-513888,354985,868873
Dealer/Intermediary,2009-12-01,-638485,339882,978367
Dealer/Intermediary,2009-11-24,-603502,372001,975503
Dealer/Intermediary,2009-11-17,-632187,307735,939922
Dealer/Intermediary,2009-11-09,-494118,348609,842727
Dealer/Intermediary,2009-11-03,-400149,342028,742177
Dealer/Intermediary,2009-10-27,-426020,344171,770191
Dealer/Intermediary,2009-10-20,-414534,331068,745602
Dealer/Intermediary,2009-10-13,-423851,291208,715059
Dealer/Intermediary,2009-10-06,-443481,277425,720906
Dealer/Intermediary,2009-09-29,-565517,277176,842693
Dealer/Intermediary,2009-09-22,-551148,280867,832015
Dealer/Intermediary,2009-09-15,-522602,391431,914033
Dealer/Intermediary,2009-09-08,-493490,397436,890926
Dealer/Intermediary,2009-09-01,-541687,387972,929659
Dealer/Intermediary,2009-08-25,-589212,387588,976800
Dealer/Intermediary,2009-08-18,-607249,334988,942237
Dealer/Intermediary,2009-08-11,-588700,307305,896005
Dealer/Intermediary,2009-08-04,-516323,322328,838651
Dealer/Intermediary,2009-07-28,-526914,282610,809524
Dealer/Intermediary,2009-07-21,-299571,308524,608095
Dealer/Intermediary,2009-07-14,-258470,340925,599395
Dealer/Intermediary,2009-07-07,-273373,358593,631966
Dealer/Intermediary,2009-06-30,-391224,280798,672022
Dealer/Intermediary,2009-06-23,-466551,253793,720344
Dealer/Intermediary,2009-06-16,-418527,398247,816774
Dealer/Intermediary,2009-06-09,-412811,341863,754674
Dealer/Intermediary,2009-06-02,-407480,325918,733398
Dealer/Intermediary,2009-05-26,-378760,323393,702153
Dealer/Intermediary,2009-05-19,-409340,313806,723146
Dealer/Intermediary,2009-05-12,-380171,326064,706235
Dealer/Intermediary,2009-05-05,-306140,391059,697199
Dealer/Intermediary,2009-04-28,-337353,349607,686960
Dealer/Intermediary,2009-04-21,-326797,315740,642537
Dealer/Intermediary,2009-04-14,-315760,337320,653080
Dealer/Intermediary,2009-04-07,-365186,322078,687264
Dealer/Intermediary,2009-03-31,-408397,273903,682300
Dealer/Intermediary,2009-03-24,-402150,341852,744002
Dealer/Intermediary,2009-03-17,-423695,668315,1092010
Dealer/Intermediary,2009-03-10,-396831,726317,1123148
Dealer/Intermediary,2009-03-03,-614205,579420,1193625
Dealer/Intermediary,2009-02-24,-639956,510781,1150737
Dealer/Intermediary,2009-02-17,-596445,549681,1146126
Dealer/Intermediary,2009-02-10,-717825,374114,1091939
Dealer/Intermediary,2009-02-03,-841262,324438,1165700
Dealer/Intermediary,2009-01-27,-893250,310190,1203440
Dealer/Intermediary,2009-01-20,-766416,328852,1095268
Dealer/Intermediary,2009-01-13,-941865,272798,1214663
Dealer/Intermediary,2009-01-06,-1099832,253504,1353336
Dealer/Intermediary,2008-12-30,-1077869,239359,1317228
Dealer/Intermediary,2008-12-22,-1029673,243039,1272712
Dealer/Intermediary,2008-12-16,-1112049,595674,1707723
Dealer/Intermediary,2008-12-09,-967707,615806,1583513
Dealer/Intermediary,2008-12-02,-1045555,565249,1610804
Dealer/Intermediary,2008-11-25,-1018518,583729,1602247
Dealer/Intermediary,2008-11-18,-996873,572904,1569777
Dealer/Intermediary,2008-11-11,-933660,547153,1480813
Dealer/Intermediary,2008-11-04,-1017620,464584,1482204
Dealer/Intermediary,2008-10-28,-957091,481110,1438201
Dealer/Intermediary,2008-10-21,-945824,482180,1428004
Dealer/Intermediary,2008-10-14,-899673,506142,1405815
Dealer/Intermediary,2008-10-07,-897941,439845,1337786
Dealer/Intermediary,2008-09-30,-655110,371581,1026691
Dealer/Intermediary,2008-09-23,-494757,384494,879251
Dealer/Intermediary,2008-09-16,-697642,415282,1112924
Dealer/Intermediary,2008-09-09,-597342,420485,1017827
Dealer/Intermediary,2008-09-02,-572833,379659,952492
Dealer/Intermediary,2008-08-26,-596458,370983,967441
Dealer/Intermediary,2008-08-19,-620611,371404,992015
Dealer/Intermediary,2008-08-12,-593384,381144,974528
Dealer/Intermediary,2008-08-05,-559215,374641,933856
Dealer/Intermediary,2008-07-29,-533808,371138,904946
Dealer/Intermediary,2008-07-22,-480479,371742,852221
Dealer/Intermediary,2008-07-15,-656289,404976,1061265
Dealer/Intermediary,2008-07-08,-540043,371587,911630
Dealer/Intermediary,2008-07-01,-517206,297121,814327
Dealer/Intermediary,2008-06-24,-427185,262476,689661
Dealer/Intermediary,2008-06-17,-410242,529200,939442
Dealer/Intermediary,2008-06-10,-393396,574908,968304
Dealer/Intermediary,2008-06-03,-420458,534789,955247
Dealer/Intermediary,2008-05-27,-476215,483806,960021
Dealer/Intermediary,2008-05-20,-472926,405004,877930
Dealer/Intermediary,2008-05-13,-518551,364508,883059
Dealer/Intermediary,2008-05-06,-534282,338070,872352
Dealer/Intermediary,2008-04-29,-478020,337133,815153
Dealer/Intermediary,2008-04-22,-464194,331579,795773
Dealer/Intermediary,2008-04-15,-476839,317288,794127
Dealer/Intermediary,2008-04-08,-520144,313691,833835
Dealer/Intermediary,2008-04-01,-471608,306760,778368
Dealer/Intermediary,2008-03-25,-440740,300085,740825
Dealer/Intermediary,2008-03-18,-477355,507616,984971
Dealer/Intermediary,2008-03-11,-377356,504389,881745
Dealer/Intermediary,2008-03-04,-368682,512954,881636
Dealer/Intermediary,2008-02-26,-417960,429848,847808
Dealer/Intermediary,2008-02-19,-428296,458088,886384
Dealer/Intermediary,2008-02-12,-520311,435657,955968
Dealer/Intermediary,2008-02-05,-620701,434087,1054788
Dealer/Intermediary,2008-01-29,-674241,454397,1128638
Dealer/Intermediary,2008-01-22,-752577,403254,1155831
Dealer/Intermediary,2008-01-15,-613373,293941,907314
Dealer/Intermediary,2008-01-08,-495317,233985,729302
Dealer/Intermediary,2007-12-31,-440514,202347,642861
Dealer/Intermediary,2007-12-24,-434565,228784,663349
Dealer/Intermediary,2007-12-18,-449843,427040,876883
Dealer/Intermediary,2007-12-11,-419387,365725,785112
Dealer/Intermediary,2007-12-04,-427776,354849,782625
Dealer/Intermediary,2007-11-27,-467401,366848,834249
Dealer/Intermediary,2007-11-20,-459554,395075,854629
Dealer/Intermediary,2007-11-13,-484774,371106,855880
Dealer/Intermediary,2007-11-06,-478733,369767,848500
Dealer/Intermediary,2007-10-30,-553940,355155,909095
Dealer/Intermediary,2007-10-23,-506350,367057,873407
Dealer/Intermediary,2007-10-16,-565958,321521,887479
Dealer/Intermediary,2007-10-09,-472097,338474,810571
Dealer/Intermediary,2007-10-02,-429719,314488,744207
Dealer/Intermediary,2007-09-25,-361521,284532,646053
Dealer/Intermediary,2007-09-18,103076,872529,769453
Dealer/Intermediary,2007-09-11,106389,883174,776785
Dealer/Intermediary,2007-09-04,50047,827842,777795
Dealer/Intermediary,2007-08-28,-31645,752537,784182
Dealer/Intermediary,2007-08-21,-8368,766292,774660
Dealer/Intermediary,2007-08-14,3496,764833,761337
Dealer/Intermediary,2007-08-07,-15693,732677,748370
Dealer/Intermediary,2007-07-31,-74722,666862,741584
Dealer/Intermediary,2007-07-24,-165398,518405,683803
Dealer/Intermediary,2007-07-17,-119536,506798,626334
Dealer/Intermediary,2007-07-10,-100824,517324,618148
Dealer/Intermediary,2007-07-03,-203887,451658,655545
Dealer/Intermediary,2007-06-26,-335504,353253,688757
Dealer/Intermediary,2007-06-19,-328599,347792,676391
Dealer/Intermediary,2007-06-12,-18815,793246,812061
Dealer/Intermediary,2007-06-05,-142452,733093,875545
Dealer/Intermediary,2007-05-29,-215548,611008,826556
Dealer/Intermediary,2007-05-22,-311926,566886,878812
Dealer/Intermediary,2007-05-15,-391541,459378,850919
Dealer/Intermediary,2007-05-08,-372123,492423,864546
Dealer/Intermediary,2007-05-01,-327663,505921,833584
Dealer/Intermediary,2007-04-24,-175895,577064,752959
Dealer/Intermediary,2007-04-17,-115768,578871,694639
Dealer/Intermediary,2007-04-10,-170130,510543,680673
Dealer/Intermediary,2007-04-03,-163545,467072,630617
Dealer/Intermediary,2007-03-27,-151086,429637,580723
Dealer/Intermediary,2007-03-20,-64663,465282,529945
Dealer/Intermediary,2007-03-13,48588,845365,796777
Dealer/Intermediary,2007-03-06,-165544,643073,808617
Dealer/Intermediary,2007-02-27,-397841,470051,867892
Dealer/Intermediary,2007-02-20,-483511,418870,902381
Dealer/Intermediary,2007-02-13,-414519,434341,848860
Dealer/Intermediary,2007-02-06,-408311,400499,808810
Dealer/Intermediary,2007-01-30,-479342,346435,825777
Dealer/Intermediary,2007-01-23,-611415,291992,903407
Dealer/Intermediary,2007-01-16,-674622,249122,923744
Dealer/Intermediary,2007-01-09,-610593,271185,881778
Dealer/Intermediary,2007-01-03,-574882,278062,852944
Dealer/Intermediary,2006-12-26,-612709,248722,861431
Dealer/Intermediary,2006-12-19,-609121,228639,837760
Dealer/Intermediary,2006-12-12,-809543,349591,1159134
Dealer/Intermediary,2006-12-05,-747160,375133,1122293
Dealer/Intermediary,2006-11-28,-739023,312410,1051433
Dealer/Intermediary,2006-11-21,-787414,283393,1070807
Dealer/Intermediary,2006-11-14,-702361,258562,960923
Dealer/Intermediary,2006-11-07,-639253,264708,903961
Dealer/Intermediary,2006-10-31,-614226,260860,875086
Dealer/Intermediary,2006-10-24,-554092,297814,851906
Dealer/Intermediary,2006-10-17,-576879,316874,893753
Dealer/Intermediary,2006-10-10,-511444,313982,825426
Dealer/Intermediary,2006-10-03,-438433,318303,756736
Dealer/Intermediary,2006-09-26,-399319,328246,727565
Dealer/Intermediary,2006-09-19,-335987,304116,640103
Dealer/Intermediary,2006-09-12,-196113,500871,696984
Dealer/Intermediary,2006-09-05,-200708,517658,718366
Dealer/Intermediary,2006-08-29,-217597,477134,694731
Dealer/Intermediary,2006-08-22,-142121,502091,644212
Dealer/Intermediary,2006-08-15,-104758,512866,617624
Dealer/Intermediary,2006-08-08,43328,600044,556716
Dealer/Intermediary,2006-08-01,59131,590700,531569
Dealer/Intermediary,2006-07-25,-8411,525295,533706
Dealer/Intermediary,2006-07-18,24131,540815,516684
Dealer/Intermediary,2006-07-11,-98654,403463,502117
Dealer/Intermediary,2006-07-03,-146232,379204,525436
Dealer/Intermediary,2006-06-27,-49817,411286,461103
Dealer/Intermediary,2006-06-20,-110920,374086,485006
Dealer/Intermediary,2006-06-13,-181610,602083,783693
