group,date,net,long,short
Producer/Merchant/Processor/User,2024-10-08,-69410,46090,115500
Producer/Merchant/Processor/User,2024-10-01,-73794,48594,122388
Producer/Merchant/Processor/User,2024-09-24,-78884,52159,131043
Producer/Merchant/Processor/User,2024-09-17,-76899,41760,118659
Producer/Merchant/Processor/User,2024-09-10,-74305,36362,110667
Producer/Merchant/Processor/User,2024-09-03,-67504,34058,101562
Producer/Merchant/Processor/User,2024-08-27,-65886,35157,101043
Producer/Merchant/Processor/User,2024-08-20,-66764,45282,112046
Producer/Merchant/Processor/User,2024-08-13,-57284,43238,100522
Producer/Merchant/Processor/User,2024-08-06,-48493,40361,88854
Producer/Merchant/Processor/User,2024-07-30,-46101,42890,88991
Producer/Merchant/Processor/User,2024-07-23,-54217,40541,94758
Producer/Merchant/Processor/User,2024-07-16,-61106,47673,108779
Producer/Merchant/Processor/User,2024-07-09,-52484,32061,84545
Producer/Merchant/Processor/User,2024-06-25,-42609,31196,73805
Producer/Merchant/Processor/User,2024-06-18,-43559,31381,74940
Producer/Merchant/Processor/User,2024-06-11,-40983,31762,72745
Producer/Merchant/Processor/User,2024-06-04,-40304,32205,72509
Producer/Merchant/Processor/User,2024-05-28,-40327,34449,74776
Producer/Merchant/Processor/User,2024-05-21,-42494,40739,83233
Producer/Merchant/Processor/User,2024-05-14,-36080,52667,88747
Producer/Merchant/Processor/User,2024-05-07,-38065,51737,89802
Producer/Merchant/Processor/User,2024-04-30,-36483,53103,89586
Producer/Merchant/Processor/User,2024-04-23,-38119,58136,96255
Producer/Merchant/Processor/User,2024-04-16,-41075,59584,100659
Producer/Merchant/Processor/User,2024-04-09,-47656,54614,102270
Producer/Merchant/Processor/User,2024-04-02,-48882,47563,96445
Producer/Merchant/Processor/User,2024-03-26,-50111,45210,95321
Producer/Merchant/Processor/User,2024-03-19,-51003,46744,97747
Producer/Merchant/Processor/User,2024-03-12,-52042,44346,96388
Producer/Merchant/Processor/User,2024-03-05,-51232,24462,75694
Producer/Merchant/Processor/User,2024-02-27,-38232,20308,58540
Producer/Merchant/Processor/User,2024-02-20,-37150,19813,56963
Producer/Merchant/Processor/User,2024-02-13,-31287,24479,55766
Producer/Merchant/Processor/User,2024-02-06,-35095,24297,59392
Producer/Merchant/Processor/User,2024-01-30,-33685,24377,58062
Producer/Merchant/Processor/User,2024-01-23,-37694,23657,61351
Producer/Merchant/Processor/User,2024-01-16,-39483,21639,61122
Producer/Merchant/Processor/User,2024-01-09,-43490,20542,64032
Producer/Merchant/Processor/User,2024-01-02,-41590,23294,64884
Producer/Merchant/Processor/User,2023-12-26,-44865,22405,67270
Producer/Merchant/Processor/User,2023-12-19,-44834,26439,71273
Producer/Merchant/Processor/User,2023-12-12,-41674,24528,66202
Producer/Merchant/Processor/User,2023-12-05,-46949,24678,71627
Producer/Merchant/Processor/User,2023-11-28,-48003,25900,73903
Producer/Merchant/Processor/User,2023-11-21,-45358,25557,70915
Producer/Merchant/Processor/User,2023-11-14,-42420,23228,65648
Producer/Merchant/Processor/User,2023-11-07,-43758,22120,65878
Producer/Merchant/Processor/User,2023-10-31,-44051,23265,67316
Producer/Merchant/Processor/User,2023-10-24,-40224,23701,63925
Producer/Merchant/Processor/User,2023-10-17,-28675,22710,51385
Producer/Merchant/Processor/User,2023-10-10,-16700,28284,44984
Producer/Merchant/Processor/User,2023-10-03,-19546,26236,45782
Producer/Merchant/Processor/User,2023-09-26,-24282,20683,44965
Producer/Merchant/Processor/User,2023-09-19,-24164,23297,47461
Producer/Merchant/Processor/User,2023-09-12,-21135,24439,45574
Producer/Merchant/Processor/User,2023-09-05,-23929,24978,48907
Producer/Merchant/Processor/User,2023-08-29,-20302,27696,47998
Producer/Merchant/Processor/User,2023-08-22,-16465,25151,41616
Producer/Merchant/Processor/User,2023-08-15,-21030,23843,44873
Producer/Merchant/Processor/User,2023-08-08,-27237,20703,47940
Producer/Merchant/Processor/User,2023-08-01,-31918,21261,53179
Producer/Merchant/Processor/User,2023-07-25,-40830,23668,64498
Producer/Merchant/Processor/User,2023-07-18,-40582,22697,63279
Producer/Merchant/Processor/User,2023-07-11,-29369,20461,49830
Producer/Merchant/Processor/User,2023-07-03,-27459,21140,48599
Producer/Merchant/Processor/User,2023-06-27,-26214,18585,44799
Producer/Merchant/Processor/User,2023-06-20,-28152,22583,50735
Producer/Merchant/Processor/User,2023-06-13,-28136,23704,51840
Producer/Merchant/Processor/User,2023-06-06,-31286,23131,54417
Producer/Merchant/Processor/User,2023-05-30,-33117,22218,55335
Producer/Merchant/Processor/User,2023-05-23,-36321,30015,66336
Producer/Merchant/Processor/User,2023-05-16,-45178,29747,74925
Producer/Merchant/Processor/User,2023-05-09,-48435,31595,80030
Producer/Merchant/Processor/User,2023-05-02,-46782,30935,77717
Producer/Merchant/Processor/User,2023-04-25,-44624,29197,73821
Producer/Merchant/Processor/User,2023-04-18,-46061,30218,76279
Producer/Merchant/Processor/User,2023-04-11,-46777,28950,75727
Producer/Merchant/Processor/User,2023-04-04,-47249,29128,76377
Producer/Merchant/Processor/User,2023-03-28,-52987,27295,80282
Producer/Merchant/Processor/User,2023-03-21,-49711,28163,77874
Producer/Merchant/Processor/User,2023-03-14,-43291,23405,66696
Producer/Merchant/Processor/User,2023-03-07,-32290,20197,52487
Producer/Merchant/Processor/User,2023-02-28,-32940,20560,53500
Producer/Merchant/Processor/User,2023-02-21,-33423,20085,53508
Producer/Merchant/Processor/User,2023-02-14,-34192,21696,55888
Producer/Merchant/Processor/User,2023-02-07,-35822,25328,61150
Producer/Merchant/Processor/User,2023-01-31,-42748,26826,69574
Producer/Merchant/Processor/User,2023-01-24,-44060,28515,72575
Producer/Merchant/Processor/User,2023-01-17,-46899,27704,74603
Producer/Merchant/Processor/User,2023-01-10,-51528,20816,72344
Producer/Merchant/Processor/User,2023-01-03,-45887,19698,65585
Producer/Merchant/Processor/User,2022-12-27,-44254,18739,62993
Producer/Merchant/Processor/User,2022-12-20,-40502,19373,59875
Producer/Merchant/Processor/User,2022-12-13,-41496,18083,59579
Producer/Merchant/Processor/User,2022-12-06,-42053,14665,56718
Producer/Merchant/Processor/User,2022-11-29,-40082,14569,54651
Producer/Merchant/Processor/User,2022-11-22,-43615,16198,59813
Producer/Merchant/Processor/User,2022-11-15,-42580,23135,65715
Producer/Merchant/Processor/User,2022-11-08,-20550,24268,44818
Producer/Merchant/Processor/User,2022-11-01,-8264,24488,32752
Producer/Merchant/Processor/User,2022-10-25,-8913,26948,35861
Producer/Merchant/Processor/User,2022-10-18,-14791,22723,37514
Producer/Merchant/Processor/User,2022-10-11,-23903,19733,43636
Producer/Merchant/Processor/User,2022-10-04,-22814,20379,43193
Producer/Merchant/Processor/User,2022-09-27,-12862,21642,34504
Producer/Merchant/Processor/User,2022-09-20,-17986,24344,42330
Producer/Merchant/Processor/User,2022-09-13,-27596,19831,47427
Producer/Merchant/Processor/User,2022-09-06,-26434,23219,49653
Producer/Merchant/Processor/User,2022-08-30,-31763,21925,53688
Producer/Merchant/Processor/User,2022-08-23,-34138,22539,56677
Producer/Merchant/Processor/User,2022-08-16,-36778,22638,59416
Producer/Merchant/Processor/User,2022-08-09,-37928,24568,62496
Producer/Merchant/Processor/User,2022-08-02,-31340,25045,56385
Producer/Merchant/Processor/User,2022-07-26,-25632,24541,50173
Producer/Merchant/Processor/User,2022-07-19,-26047,30791,56838
Producer/Merchant/Processor/User,2022-07-12,-29075,27406,56481
Producer/Merchant/Processor/User,2022-07-05,-40305,23894,64199
Producer/Merchant/Processor/User,2022-06-28,-45591,22058,67649
Producer/Merchant/Processor/User,2022-06-21,-47123,19906,67029
Producer/Merchant/Processor/User,2022-06-14,-45595,22240,67835
Producer/Merchant/Processor/User,2022-06-07,-48028,23852,71880
Producer/Merchant/Processor/User,2022-05-31,-49233,27228,76461
Producer/Merchant/Processor/User,2022-05-24,-48846,38436,87282
Producer/Merchant/Processor/User,2022-05-17,-42694,40239,82933
Producer/Merchant/Processor/User,2022-05-10,-47140,39730,86870
Producer/Merchant/Processor/User,2022-05-03,-44960,41888,86848
Producer/Merchant/Processor/User,2022-04-26,-49579,41997,91576
Producer/Merchant/Processor/User,2022-04-19,-57934,44231,102165
Producer/Merchant/Processor/User,2022-04-12,-59877,42434,102311
Producer/Merchant/Processor/User,2022-04-05,-57002,38564,95566
Producer/Merchant/Processor/User,2022-03-29,-55519,37314,92833
Producer/Merchant/Processor/User,2022-03-22,-70845,49020,119865
Producer/Merchant/Processor/User,2022-03-15,-75320,47046,122366
Producer/Merchant/Processor/User,2022-03-08,-87487,50607,138094
Producer/Merchant/Processor/User,2022-03-01,-82304,39224,121528
Producer/Merchant/Processor/User,2022-02-22,-85230,34107,119337
Producer/Merchant/Processor/User,2022-02-15,-76451,30456,106907
Producer/Merchant/Processor/User,2022-02-08,-64556,27645,92201
Producer/Merchant/Processor/User,2022-02-01,-60395,28158,88553
Producer/Merchant/Processor/User,2022-01-25,-77283,31580,108863
Producer/Merchant/Processor/User,2022-01-18,-59947,49578,109525
Producer/Merchant/Processor/User,2022-01-11,-59677,46111,105788
Producer/Merchant/Processor/User,2022-01-04,-62055,41735,103790
Producer/Merchant/Processor/User,2021-12-28,-65954,40254,106208
Producer/Merchant/Processor/User,2021-12-21,-62199,40030,102229
Producer/Merchant/Processor/User,2021-12-14,-57019,39267,96286
Producer/Merchant/Processor/User,2021-12-07,-59862,41014,100876
Producer/Merchant/Processor/User,2021-11-30,-59305,42135,101440
Producer/Merchant/Processor/User,2021-11-23,-74360,43675,118035
Producer/Merchant/Processor/User,2021-11-16,-79653,56130,135783
Producer/Merchant/Processor/User,2021-11-09,-69815,51934,121749
Producer/Merchant/Processor/User,2021-11-02,-60763,43648,104411
Producer/Merchant/Processor/User,2021-10-26,-59247,43938,103185
Producer/Merchant/Processor/User,2021-10-19,-55984,29270,85254
Producer/Merchant/Processor/User,2021-10-12,-52299,31274,83573
Producer/Merchant/Processor/User,2021-10-05,-48275,31091,79366
Producer/Merchant/Processor/User,2021-09-28,-45431,33052,78483
Producer/Merchant/Processor/User,2021-09-21,-50073,32299,82372
Producer/Merchant/Processor/User,2021-09-14,-58122,30897,89019
Producer/Merchant/Processor/User,2021-09-07,-56620,32006,88626
Producer/Merchant/Processor/User,2021-08-31,-57304,32481,89785
Producer/Merchant/Processor/User,2021-08-24,-56899,37085,93984
Producer/Merchant/Processor/User,2021-08-17,-53976,35633,89609
Producer/Merchant/Processor/User,2021-08-10,-48471,33559,82030
Producer/Merchant/Processor/User,2021-08-03,-56399,17427,73826
Producer/Merchant/Processor/User,2021-07-27,-57657,35090,92747
Producer/Merchant/Processor/User,2021-07-20,-65840,37197,103037
Producer/Merchant/Processor/User,2021-07-13,-63407,36513,99920
Producer/Merchant/Processor/User,2021-07-06,-63300,34897,98197
Producer/Merchant/Processor/User,2021-06-29,-56518,33884,90402
Producer/Merchant/Processor/User,2021-06-22,-58906,35668,94574
Producer/Merchant/Processor/User,2021-06-08,-72497,39436,111933
Producer/Merchant/Processor/User,2021-06-01,-76139,38522,114661
Producer/Merchant/Processor/User,2021-05-25,-84237,39256,123493
Producer/Merchant/Processor/User,2021-05-18,-76498,49112,125610
Producer/Merchant/Processor/User,2021-05-11,-79090,44149,123239
Producer/Merchant/Processor/User,2021-05-04,-71177,34537,105714
Producer/Merchant/Processor/User,2021-04-27,-75417,35565,110982
Producer/Merchant/Processor/User,2021-04-20,-77853,38310,116163
Producer/Merchant/Processor/User,2021-04-13,-75218,36618,111836
Producer/Merchant/Processor/User,2021-04-06,-78378,37131,115509
Producer/Merchant/Processor/User,2021-03-30,-71040,39395,110435
Producer/Merchant/Processor/User,2021-03-23,-75731,41084,116815
Producer/Merchant/Processor/User,2021-03-16,-77130,42533,119663
Producer/Merchant/Processor/User,2021-03-09,-78392,41884,120276
Producer/Merchant/Processor/User,2021-03-02,-83802,31892,115694
Producer/Merchant/Processor/User,2021-02-23,-92991,25499,118490
Producer/Merchant/Processor/User,2021-02-16,-95054,30074,125128
Producer/Merchant/Processor/User,2021-02-09,-99721,27574,127295
Producer/Merchant/Processor/User,2021-02-02,-101283,27555,128838
Producer/Merchant/Processor/User,2021-01-26,-101238,26686,127924
Producer/Merchant/Processor/User,2021-01-19,-98923,31773,130696
Producer/Merchant/Processor/User,2021-01-12,-96556,33127,129683
Producer/Merchant/Processor/User,2021-01-05,-105277,37747,143024
Producer/Merchant/Processor/User,2020-12-29,-103215,30974,134189
Producer/Merchant/Processor/User,2020-12-21,-102364,36993,139357
Producer/Merchant/Processor/User,2020-12-15,-99264,36342,135606
Producer/Merchant/Processor/User,2020-12-08,-98123,38934,137057
Producer/Merchant/Processor/User,2020-12-01,-95982,39379,135361
Producer/Merchant/Processor/User,2020-11-24,-90028,36982,127010
Producer/Merchant/Processor/User,2020-11-17,-94311,53412,147723
Producer/Merchant/Processor/User,2020-11-10,-90564,53171,143735
Producer/Merchant/Processor/User,2020-11-03,-92184,54786,146970
Producer/Merchant/Processor/User,2020-10-27,-93309,56478,149787
Producer/Merchant/Processor/User,2020-10-20,-93430,63110,156540
Producer/Merchant/Processor/User,2020-10-13,-91809,56622,148431
Producer/Merchant/Processor/User,2020-10-06,-89285,58808,148093
Producer/Merchant/Processor/User,2020-09-29,-88845,60075,148920
Producer/Merchant/Processor/User,2020-09-22,-90312,79892,170204
Producer/Merchant/Processor/User,2020-09-15,-102396,81535,183931
Producer/Merchant/Processor/User,2020-09-08,-100874,77556,178430
Producer/Merchant/Processor/User,2020-09-01,-98995,80325,179320
Producer/Merchant/Processor/User,2020-08-25,-95100,90346,185446
Producer/Merchant/Processor/User,2020-08-18,-96905,94731,191636
Producer/Merchant/Processor/User,2020-08-11,-95952,92588,188540
Producer/Merchant/Processor/User,2020-08-04,-101793,99826,201619
Producer/Merchant/Processor/User,2020-07-28,-92156,95603,187759
Producer/Merchant/Processor/User,2020-07-21,-99140,89087,188227
Producer/Merchant/Processor/User,2020-07-14,-93297,84559,177856
Producer/Merchant/Processor/User,2020-07-07,-89432,82948,172380
Producer/Merchant/Processor/User,2020-06-30,-92374,81717,174091
Producer/Merchant/Processor/User,2020-06-23,-89611,81384,170995
Producer/Merchant/Processor/User,2020-06-16,-81310,76383,157693
Producer/Merchant/Processor/User,2020-06-09,-75918,73923,149841
Producer/Merchant/Processor/User,2020-06-02,-75902,75087,150989
Producer/Merchant/Processor/User,2020-05-26,-81696,73074,154770
Producer/Merchant/Processor/User,2020-05-19,-96455,103014,199469
Producer/Merchant/Processor/User,2020-05-12,-92673,97225,189898
Producer/Merchant/Processor/User,2020-05-05,-96362,93424,189786
Producer/Merchant/Processor/User,2020-04-28,-100995,94452,195447
Producer/Merchant/Processor/User,2020-04-21,-98191,98988,197179
Producer/Merchant/Processor/User,2020-04-14,-98398,113034,211432
Producer/Merchant/Processor/User,2020-04-07,-100450,100948,201398
Producer/Merchant/Processor/User,2020-03-31,-100227,94274,194501
Producer/Merchant/Processor/User,2020-03-24,-118227,114162,232389
Producer/Merchant/Processor/User,2020-03-17,-115013,101900,216913
Producer/Merchant/Processor/User,2020-03-10,-122397,114589,236986
Producer/Merchant/Processor/User,2020-03-03,-143411,93300,236711
Producer/Merchant/Processor/User,2020-02-25,-147015,92798,239813
Producer/Merchant/Processor/User,2020-02-18,-149813,75127,224940
Producer/Merchant/Processor/User,2020-02-11,-134616,64740,199356
Producer/Merchant/Processor/User,2020-02-04,-131758,62118,193876
Producer/Merchant/Processor/User,2020-01-28,-132820,71495,204315
Producer/Merchant/Processor/User,2020-01-21,-134957,92596,227553
Producer/Merchant/Processor/User,2020-01-14,-134731,87238,221969
Producer/Merchant/Processor/User,2020-01-07,-138697,78302,216999
Producer/Merchant/Processor/User,2019-12-31,-144970,65436,210406
Producer/Merchant/Processor/User,2019-12-24,-136892,63995,200887
Producer/Merchant/Processor/User,2019-12-17,-131953,57014,188967
Producer/Merchant/Processor/User,2019-12-10,-118964,54639,173603
Producer/Merchant/Processor/User,2019-12-03,-124740,57268,182008
Producer/Merchant/Processor/User,2019-11-26,-116890,52224,169114
Producer/Merchant/Processor/User,2019-11-19,-124752,77864,202616
Producer/Merchant/Processor/User,2019-11-12,-117915,80653,198568
Producer/Merchant/Processor/User,2019-11-05,-137022,59122,196144
Producer/Merchant/Processor/User,2019-10-29,-136503,64300,200803
Producer/Merchant/Processor/User,2019-10-22,-151613,63421,215034
Producer/Merchant/Processor/User,2019-10-15,-151763,66039,217802
Producer/Merchant/Processor/User,2019-10-08,-158500,68611,227111
Producer/Merchant/Processor/User,2019-10-01,-153453,68101,221554
Producer/Merchant/Processor/User,2019-09-24,-161697,92025,253722
Producer/Merchant/Processor/User,2019-09-17,-162026,84091,246117
Producer/Merchant/Processor/User,2019-09-10,-157104,80453,237557
Producer/Merchant/Processor/User,2019-09-03,-160734,87707,248441
Producer/Merchant/Processor/User,2019-08-27,-151952,90238,242190
Producer/Merchant/Processor/User,2019-08-20,-145161,95098,240259
Producer/Merchant/Processor/User,2019-08-13,-139861,91125,230986
Producer/Merchant/Processor/User,2019-08-06,-137987,84111,222098
Producer/Merchant/Processor/User,2019-07-30,-129787,63026,192813
Producer/Merchant/Processor/User,2019-07-23,-123333,93866,217199
Producer/Merchant/Processor/User,2019-07-16,-126008,85509,211517
Producer/Merchant/Processor/User,2019-07-09,-138498,69203,207701
Producer/Merchant/Processor/User,2019-07-02,-136717,68320,205037
Producer/Merchant/Processor/User,2019-06-25,-122831,67900,190731
Producer/Merchant/Processor/User,2019-06-18,-98963,52208,151171
Producer/Merchant/Processor/User,2019-06-11,-90149,46038,136187
Producer/Merchant/Processor/User,2019-06-04,-83307,41139,124446
Producer/Merchant/Processor/User,2019-05-28,-62300,60834,123134
Producer/Merchant/Processor/User,2019-05-21,-62527,57864,120391
Producer/Merchant/Processor/User,2019-05-14,-63570,52244,115814
Producer/Merchant/Processor/User,2019-05-07,-47197,33039,80236
Producer/Merchant/Processor/User,2019-04-30,-51193,29999,81192
Producer/Merchant/Processor/User,2019-04-23,-35361,31496,66857
Producer/Merchant/Processor/User,2019-04-16,-43169,33367,76536
Producer/Merchant/Processor/User,2019-04-09,-58566,33944,92510
Producer/Merchant/Processor/User,2019-04-02,-57060,32694,89754
Producer/Merchant/Processor/User,2019-03-26,-68401,33503,101904
Producer/Merchant/Processor/User,2019-03-19,-67229,51053,118282
Producer/Merchant/Processor/User,2019-03-12,-62501,43255,105756
Producer/Merchant/Processor/User,2019-03-05,-73239,28907,102146
Producer/Merchant/Processor/User,2019-02-26,-85269,35695,120964
Producer/Merchant/Processor/User,2019-02-19,-85572,45581,131153
Producer/Merchant/Processor/User,2019-02-12,-73924,38917,112841
Producer/Merchant/Processor/User,2019-02-05,-73614,38228,111842
Producer/Merchant/Processor/User,2019-01-29,-72934,34894,107828
Producer/Merchant/Processor/User,2019-01-22,-62178,69893,132071
Producer/Merchant/Processor/User,2019-01-15,-62446,64355,126801
Producer/Merchant/Processor/User,2019-01-08,-64038,33669,97707
Producer/Merchant/Processor/User,2018-12-31,-73483,41071,114554
Producer/Merchant/Processor/User,2018-12-24,-70040,41736,111776
Producer/Merchant/Processor/User,2018-12-18,-64446,36358,100804
Producer/Merchant/Processor/User,2018-12-11,-66527,35486,102013
Producer/Merchant/Processor/User,2018-12-04,-56096,35386,91482
Producer/Merchant/Processor/User,2018-11-27,-40290,49372,89662
Producer/Merchant/Processor/User,2018-11-20,-46878,67244,114122
Producer/Merchant/Processor/User,2018-11-13,-42718,68679,111397
Producer/Merchant/Processor/User,2018-11-06,-61820,60091,121911
Producer/Merchant/Processor/User,2018-10-30,-60572,59443,120015
Producer/Merchant/Processor/User,2018-10-23,-69602,59898,129500
Producer/Merchant/Processor/User,2018-10-16,-63184,60523,123707
Producer/Merchant/Processor/User,2018-10-09,-33335,57738,91073
Producer/Merchant/Processor/User,2018-10-02,-36811,54092,90903
Producer/Merchant/Processor/User,2018-09-25,-38307,49488,87795
Producer/Merchant/Processor/User,2018-09-18,-36940,54106,91046
Producer/Merchant/Processor/User,2018-09-11,-38755,52096,90851
Producer/Merchant/Processor/User,2018-09-04,-37578,50945,88523
Producer/Merchant/Processor/User,2018-08-28,-39507,50232,89739
Producer/Merchant/Processor/User,2018-08-21,-38208,53126,91334
Producer/Merchant/Processor/User,2018-08-14,-39687,51400,91087
Producer/Merchant/Processor/User,2018-08-07,-46120,45284,91404
Producer/Merchant/Processor/User,2018-07-31,-49783,46099,95882
Producer/Merchant/Processor/User,2018-07-24,-56194,48400,104594
Producer/Merchant/Processor/User,2018-07-17,-72365,46729,119094
Producer/Merchant/Processor/User,2018-07-10,-69644,49691,119335
Producer/Merchant/Processor/User,2018-07-03,-72410,55758,128168
Producer/Merchant/Processor/User,2018-06-26,-71800,59652,131452
Producer/Merchant/Processor/User,2018-06-19,-73331,60845,134176
Producer/Merchant/Processor/User,2018-06-12,-96278,59613,155891
Producer/Merchant/Processor/User,2018-06-05,-98212,59091,157303
Producer/Merchant/Processor/User,2018-05-29,-135634,53359,188993
Producer/Merchant/Processor/User,2018-05-22,-125182,63785,188967
Producer/Merchant/Processor/User,2018-05-15,-136516,60469,196985
Producer/Merchant/Processor/User,2018-05-08,-145565,57458,203023
Producer/Merchant/Processor/User,2018-05-01,-147353,54547,201900
Producer/Merchant/Processor/User,2018-04-24,-161809,56302,218111
Producer/Merchant/Processor/User,2018-04-17,-172830,57414,230244
Producer/Merchant/Processor/User,2018-04-10,-164657,55446,220103
Producer/Merchant/Processor/User,2018-04-03,-166131,51465,217596
Producer/Merchant/Processor/User,2018-03-27,-177238,48140,225378
Producer/Merchant/Processor/User,2018-03-20,-159863,43733,203596
Producer/Merchant/Processor/User,2018-03-13,-172517,43405,215922
Producer/Merchant/Processor/User,2018-03-06,-176582,44894,221476
Producer/Merchant/Processor/User,2018-02-27,-176637,47943,224580
Producer/Merchant/Processor/User,2018-02-20,-180012,50672,230684
Producer/Merchant/Processor/User,2018-02-13,-175966,41764,217730
Producer/Merchant/Processor/User,2018-02-06,-181101,44022,225123
Producer/Merchant/Processor/User,2018-01-30,-191651,40340,231991
Producer/Merchant/Processor/User,2018-01-23,-195770,45220,240990
Producer/Merchant/Processor/User,2018-01-16,-191067,44007,235074
Producer/Merchant/Processor/User,2018-01-09,-177916,38492,216408
Producer/Merchant/Processor/User,2018-01-02,-157398,40192,197590
Producer/Merchant/Processor/User,2017-12-26,-141494,34795,176289
Producer/Merchant/Processor/User,2017-12-19,-132627,31698,164325
Producer/Merchant/Processor/User,2017-12-12,-133722,34006,167728
Producer/Merchant/Processor/User,2017-12-05,-159996,34263,194259
Producer/Merchant/Processor/User,2017-11-28,-183293,32074,215367
Producer/Merchant/Processor/User,2017-11-21,-180012,39516,219528
Producer/Merchant/Processor/User,2017-11-14,-180633,37655,218288
Producer/Merchant/Processor/User,2017-11-07,-177159,35857,213016
Producer/Merchant/Processor/User,2017-10-31,-178521,33575,212096
Producer/Merchant/Processor/User,2017-10-24,-179000,36014,215014
Producer/Merchant/Processor/User,2017-10-17,-183712,36636,220348
Producer/Merchant/Processor/User,2017-10-10,-180697,36741,217438
Producer/Merchant/Processor/User,2017-10-03,-183258,34567,217825
Producer/Merchant/Processor/User,2017-09-26,-189003,35628,224631
Producer/Merchant/Processor/User,2017-09-19,-192566,35724,228290
Producer/Merchant/Processor/User,2017-09-12,-193809,38032,231841
Producer/Merchant/Processor/User,2017-09-05,-192595,42926,235521
Producer/Merchant/Processor/User,2017-08-29,-187017,37606,224623
Producer/Merchant/Processor/User,2017-08-22,-175401,34042,209443
Producer/Merchant/Processor/User,2017-08-15,-158231,32943,191174
Producer/Merchant/Processor/User,2017-08-08,-144155,33367,177522
Producer/Merchant/Processor/User,2017-08-01,-144093,33605,177698
Producer/Merchant/Processor/User,2017-07-25,-132860,36752,169612
Producer/Merchant/Processor/User,2017-07-18,-116373,39462,155835
Producer/Merchant/Processor/User,2017-07-11,-113063,40818,153881
Producer/Merchant/Processor/User,2017-07-03,-123223,34847,158070
Producer/Merchant/Processor/User,2017-06-27,-134690,32514,167204
Producer/Merchant/Processor/User,2017-06-20,-143700,33023,176723
Producer/Merchant/Processor/User,2017-06-13,-162413,35117,197530
Producer/Merchant/Processor/User,2017-06-06,-169828,40422,210250
Producer/Merchant/Processor/User,2017-05-30,-153093,38995,192088
Producer/Merchant/Processor/User,2017-05-23,-152009,39399,191408
Producer/Merchant/Processor/User,2017-05-16,-131545,37548,169093
Producer/Merchant/Processor/User,2017-05-09,-139725,35440,175165
Producer/Merchant/Processor/User,2017-05-02,-158047,34312,192359
Producer/Merchant/Processor/User,2017-04-25,-156776,35215,191991
Producer/Merchant/Processor/User,2017-04-18,-152491,44785,197276
Producer/Merchant/Processor/User,2017-04-11,-140277,40062,180339
Producer/Merchant/Processor/User,2017-04-04,-129533,34070,163603
Producer/Merchant/Processor/User,2017-03-28,-119661,35526,155187
Producer/Merchant/Processor/User,2017-03-21,-105679,38041,143720
Producer/Merchant/Processor/User,2017-03-14,-89363,39697,129060
Producer/Merchant/Processor/User,2017-03-07,-99888,38573,138461
Producer/Merchant/Processor/User,2017-02-28,-111045,38769,149814
Producer/Merchant/Processor/User,2017-02-21,-97380,43164,140544
Producer/Merchant/Processor/User,2017-02-14,-89720,42542,132262
Producer/Merchant/Processor/User,2017-02-07,-90867,42822,133689
Producer/Merchant/Processor/User,2017-01-31,-86609,38397,125006
Producer/Merchant/Processor/User,2017-01-24,-83708,43369,127077
Producer/Merchant/Processor/User,2017-01-17,-75580,43649,119229
Producer/Merchant/Processor/User,2017-01-10,-72642,43180,115822
Producer/Merchant/Processor/User,2017-01-03,-72497,43350,115847
Producer/Merchant/Processor/User,2016-12-27,-73706,42681,116387
Producer/Merchant/Processor/User,2016-12-20,-77600,46577,124177
Producer/Merchant/Processor/User,2016-12-13,-78875,45402,124277
Producer/Merchant/Processor/User,2016-12-06,-80504,44073,124577
Producer/Merchant/Processor/User,2016-11-29,-87500,45512,133012
Producer/Merchant/Processor/User,2016-11-22,-94258,40093,134351
Producer/Merchant/Processor/User,2016-11-15,-100464,52885,153349
Producer/Merchant/Processor/User,2016-11-08,-129815,47836,177651
Producer/Merchant/Processor/User,2016-11-01,-126103,48219,174322
Producer/Merchant/Processor/User,2016-10-25,-111244,49841,161085
Producer/Merchant/Processor/User,2016-10-18,-105924,51176,157100
Producer/Merchant/Processor/User,2016-10-11,-113571,50037,163608
Producer/Merchant/Processor/User,2016-10-04,-128450,47511,175961
Producer/Merchant/Processor/User,2016-09-27,-152709,44192,196901
Producer/Merchant/Processor/User,2016-09-20,-140680,44466,185146
Producer/Merchant/Processor/User,2016-09-13,-151206,44269,195475
Producer/Merchant/Processor/User,2016-09-06,-156686,43402,200088
Producer/Merchant/Processor/User,2016-08-30,-138111,42724,180835
Producer/Merchant/Processor/User,2016-08-23,-143208,45366,188574
Producer/Merchant/Processor/User,2016-08-16,-143552,51605,195157
Producer/Merchant/Processor/User,2016-08-09,-140172,51333,191505
Producer/Merchant/Processor/User,2016-08-02,-150852,53142,203994
Producer/Merchant/Processor/User,2016-07-26,-138932,53671,192603
Producer/Merchant/Processor/User,2016-07-19,-140609,60775,201384
Producer/Merchant/Processor/User,2016-07-12,-147389,64745,212134
Producer/Merchant/Processor/User,2016-07-05,-155215,60261,215476
Producer/Merchant/Processor/User,2016-06-28,-155428,55887,211315
Producer/Merchant/Processor/User,2016-06-21,-152246,57019,209265
Producer/Merchant/Processor/User,2016-06-14,-154587,54225,208812
Producer/Merchant/Processor/User,2016-06-07,-125419,48637,174056
Producer/Merchant/Processor/User,2016-05-31,-98828,67775,166603
Producer/Merchant/Processor/User,2016-05-24,-103247,84991,188238
Producer/Merchant/Processor/User,2016-05-17,-157423,47045,204468
Producer/Merchant/Processor/User,2016-05-10,-165557,42489,208046
Producer/Merchant/Processor/User,2016-05-03,-177537,42019,219556
Producer/Merchant/Processor/User,2016-04-26,-151357,38337,189694
Producer/Merchant/Processor/User,2016-04-19,-153985,41210,195195
Producer/Merchant/Processor/User,2016-04-12,-151301,42799,194100
Producer/Merchant/Processor/User,2016-04-05,-134527,41806,176333
Producer/Merchant/Processor/User,2016-03-29,-131043,44424,175467
Producer/Merchant/Processor/User,2016-03-22,-138515,50050,188565
Producer/Merchant/Processor/User,2016-03-15,-132343,48612,180955
Producer/Merchant/Processor/User,2016-03-08,-135869,48437,184306
Producer/Merchant/Processor/User,2016-03-01,-120192,45063,165255
Producer/Merchant/Processor/User,2016-02-23,-113869,49967,163836
Producer/Merchant/Processor/User,2016-02-16,-94385,54640,149025
Producer/Merchant/Processor/User,2016-02-09,-76849,47549,124398
Producer/Merchant/Processor/User,2016-02-02,-59485,40376,99861
Producer/Merchant/Processor/User,2016-01-26,-53265,33062,86327
Producer/Merchant/Processor/User,2016-01-19,-47605,40595,88200
Producer/Merchant/Processor/User,2016-01-12,-50264,39420,89684
Producer/Merchant/Processor/User,2016-01-05,-44262,37261,81523
Producer/Merchant/Processor/User,2015-12-29,-43487,37361,80848
Producer/Merchant/Processor/User,2015-12-22,-54433,35050,89483
Producer/Merchant/Processor/User,2015-12-15,-41267,36924,78191
Producer/Merchant/Processor/User,2015-12-08,-38316,41605,79921
Producer/Merchant/Processor/User,2015-12-01,-33617,42857,76474
Producer/Merchant/Processor/User,2015-11-24,-43691,39338,83029
Producer/Merchant/Processor/User,2015-11-17,-51479,47499,98978
Producer/Merchant/Processor/User,2015-11-10,-67125,45742,112867
Producer/Merchant/Processor/User,2015-11-03,-91185,43728,134913
Producer/Merchant/Processor/User,2015-10-27,-109833,38976,148809
Producer/Merchant/Processor/User,2015-10-20,-110046,41278,151324
Producer/Merchant/Processor/User,2015-10-13,-86853,40980,127833
Producer/Merchant/Processor/User,2015-10-06,-71357,42850,114207
Producer/Merchant/Processor/User,2015-09-29,-65288,42024,107312
Producer/Merchant/Processor/User,2015-09-22,-56763,38829,95592
Producer/Merchant/Processor/User,2015-09-15,-43086,36839,79925
Producer/Merchant/Processor/User,2015-09-08,-58130,39716,97846
Producer/Merchant/Processor/User,2015-09-01,-70337,31653,101990
Producer/Merchant/Processor/User,2015-08-25,-72341,36280,108621
Producer/Merchant/Processor/User,2015-08-18,-51434,37168,88602
Producer/Merchant/Processor/User,2015-08-11,-47202,38447,85649
Producer/Merchant/Processor/User,2015-08-04,-42219,41334,83553
Producer/Merchant/Processor/User,2015-07-28,-39718,41358,81076
Producer/Merchant/Processor/User,2015-07-21,-42007,50922,92929
Producer/Merchant/Processor/User,2015-07-14,-54018,39704,93722
Producer/Merchant/Processor/User,2015-07-07,-55336,36361,91697
Producer/Merchant/Processor/User,2015-06-30,-66548,32769,99317
Producer/Merchant/Processor/User,2015-06-23,-78595,31706,110301
Producer/Merchant/Processor/User,2015-06-16,-61331,32537,93868
Producer/Merchant/Processor/User,2015-06-09,-62449,34250,96699
Producer/Merchant/Processor/User,2015-06-02,-75387,31366,106753
Producer/Merchant/Processor/User,2015-05-26,-75192,31623,106815
Producer/Merchant/Processor/User,2015-05-19,-77418,35273,112691
Producer/Merchant/Processor/User,2015-05-12,-43324,37337,80661
Producer/Merchant/Processor/User,2015-05-05,-40634,36835,77469
Producer/Merchant/Processor/User,2015-04-28,-54810,34356,89166
Producer/Merchant/Processor/User,2015-04-21,-55572,37776,93348
Producer/Merchant/Processor/User,2015-04-14,-62163,40077,102240
Producer/Merchant/Processor/User,2015-04-07,-62349,42389,104738
Producer/Merchant/Processor/User,2015-03-31,-51032,41793,92825
Producer/Merchant/Processor/User,2015-03-24,-43637,47817,91454
Producer/Merchant/Processor/User,2015-03-17,-41362,51405,92767
Producer/Merchant/Processor/User,2015-03-10,-49297,45218,94515
Producer/Merchant/Processor/User,2015-03-03,-62583,40831,103414
Producer/Merchant/Processor/User,2015-02-24,-68300,40993,109293
Producer/Merchant/Processor/User,2015-02-17,-72860,39710,112570
Producer/Merchant/Processor/User,2015-02-10,-77633,40545,118178
Producer/Merchant/Processor/User,2015-02-03,-89687,45346,135033
Producer/Merchant/Processor/User,2015-01-27,-94907,43600,138507
Producer/Merchant/Processor/User,2015-01-20,-87963,51976,139939
Producer/Merchant/Processor/User,2015-01-13,-63888,52810,116698
Producer/Merchant/Processor/User,2015-01-06,-57667,50967,108634
Producer/Merchant/Processor/User,2014-12-30,-52873,46263,99136
Producer/Merchant/Processor/User,2014-12-23,-48731,49708,98439
Producer/Merchant/Processor/User,2014-12-16,-60031,54304,114335
Producer/Merchant/Processor/User,2014-12-09,-57121,52854,109975
Producer/Merchant/Processor/User,2014-12-02,-45638,48748,94386
Producer/Merchant/Processor/User,2014-11-25,-37948,53969,91917
Producer/Merchant/Processor/User,2014-11-18,-36513,85090,121603
Producer/Merchant/Processor/User,2014-11-11,-30522,76651,107173
Producer/Merchant/Processor/User,2014-11-04,-30850,65086,95936
Producer/Merchant/Processor/User,2014-10-28,-45906,58125,104031
Producer/Merchant/Processor/User,2014-10-21,-43651,63295,106946
Producer/Merchant/Processor/User,2014-10-14,-31115,65265,96380
Producer/Merchant/Processor/User,2014-10-07,-28485,63240,91725
Producer/Merchant/Processor/User,2014-09-30,-30037,58230,88267
Producer/Merchant/Processor/User,2014-09-23,-26683,63453,90136
Producer/Merchant/Processor/User,2014-09-16,-30557,58279,88836
Producer/Merchant/Processor/User,2014-09-09,-37015,56007,93022
Producer/Merchant/Processor/User,2014-09-02,-37476,48958,86434
Producer/Merchant/Processor/User,2014-08-26,-41755,46660,88415
Producer/Merchant/Processor/User,2014-08-19,-54095,48184,102279
Producer/Merchant/Processor/User,2014-08-12,-56406,47473,103879
Producer/Merchant/Processor/User,2014-08-05,-47014,48975,95989
Producer/Merchant/Processor/User,2014-07-29,-55292,51671,106963
Producer/Merchant/Processor/User,2014-07-22,-57147,55796,112943
Producer/Merchant/Processor/User,2014-07-15,-54313,56133,110446
Producer/Merchant/Processor/User,2014-07-08,-58261,53903,112164
Producer/Merchant/Processor/User,2014-07-01,-53712,57461,111173
Producer/Merchant/Processor/User,2014-06-24,-38631,64842,103473
Producer/Merchant/Processor/User,2014-06-17,-15841,66384,82225
Producer/Merchant/Processor/User,2014-06-10,-12296,64950,77246
Producer/Merchant/Processor/User,2014-06-03,-13727,68110,81837
Producer/Merchant/Processor/User,2014-05-27,-15938,67224,83162
Producer/Merchant/Processor/User,2014-05-20,-29076,80208,109284
Producer/Merchant/Processor/User,2014-05-13,-29720,83634,113354
Producer/Merchant/Processor/User,2014-05-06,-23041,84308,107349
Producer/Merchant/Processor/User,2014-04-29,-19899,81574,101473
Producer/Merchant/Processor/User,2014-04-22,-17307,82751,100058
Producer/Merchant/Processor/User,2014-04-15,-17767,81537,99304
Producer/Merchant/Processor/User,2014-04-08,-26411,77976,104387
Producer/Merchant/Processor/User,2014-04-01,-25283,78211,103494
Producer/Merchant/Processor/User,2014-03-25,-28204,86984,115188
Producer/Merchant/Processor/User,2014-03-18,-64662,90011,154673
Producer/Merchant/Processor/User,2014-03-11,-49312,87836,137148
Producer/Merchant/Processor/User,2014-03-04,-46327,92207,138534
Producer/Merchant/Processor/User,2014-02-25,-39564,92455,132019
Producer/Merchant/Processor/User,2014-02-18,-29265,96844,126109
Producer/Merchant/Processor/User,2014-02-11,-9175,103829,113004
Producer/Merchant/Processor/User,2014-02-04,-6356,107788,114144
Producer/Merchant/Processor/User,2014-01-28,-10513,106294,116807
Producer/Merchant/Processor/User,2014-01-21,6120,129859,123739
Producer/Merchant/Processor/User,2014-01-14,6687,125183,118496
Producer/Merchant/Processor/User,2014-01-07,4154,108812,104658
Producer/Merchant/Processor/User,2013-12-31,7060,107862,100802
Producer/Merchant/Processor/User,2013-12-24,11568,112056,100488
Producer/Merchant/Processor/User,2013-12-17,10363,113633,103270
Producer/Merchant/Processor/User,2013-12-10,9285,107216,97931
Producer/Merchant/Processor/User,2013-12-03,11689,111395,99706
Producer/Merchant/Processor/User,2013-11-26,6199,113179,106980
Producer/Merchant/Processor/User,2013-11-19,-12312,112988,125300
Producer/Merchant/Processor/User,2013-11-12,-19549,116571,136120
Producer/Merchant/Processor/User,2013-11-05,-27548,114371,141919
Producer/Merchant/Processor/User,2013-10-29,-26125,117944,144069
Producer/Merchant/Processor/User,2013-10-22,-19573,118685,138258
Producer/Merchant/Processor/User,2013-10-15,-9343,121937,131280
Producer/Merchant/Processor/User,2013-10-08,-16140,117167,133307
Producer/Merchant/Processor/User,2013-10-01,-8615,119458,128073
Producer/Merchant/Processor/User,2013-09-24,-15789,112584,128373
Producer/Merchant/Processor/User,2013-09-17,-13841,114574,128415
Producer/Merchant/Processor/User,2013-09-10,-21880,111568,133448
Producer/Merchant/Processor/User,2013-09-03,-32584,107955,140539
Producer/Merchant/Processor/User,2013-08-27,-28560,107524,136084
Producer/Merchant/Processor/User,2013-08-20,-17527,114965,132492
Producer/Merchant/Processor/User,2013-08-13,-8896,126163,135059
Producer/Merchant/Processor/User,2013-08-06,-4514,129863,134377
Producer/Merchant/Processor/User,2013-07-30,-5309,130159,135468
Producer/Merchant/Processor/User,2013-07-23,-10680,147443,158123
Producer/Merchant/Processor/User,2013-07-16,-10655,147808,158463
Producer/Merchant/Processor/User,2013-07-09,-10047,131899,141946
Producer/Merchant/Processor/User,2013-07-02,-10660,119172,129832
Producer/Merchant/Processor/User,2013-06-25,-14242,105070,119312
Producer/Merchant/Processor/User,2013-06-18,-15847,96315,112162
Producer/Merchant/Processor/User,2013-06-11,-26212,92528,118740
Producer/Merchant/Processor/User,2013-06-04,-30963,91473,122436
Producer/Merchant/Processor/User,2013-05-28,-34853,99639,134492
Producer/Merchant/Processor/User,2013-05-21,-32237,133276,165513
Producer/Merchant/Processor/User,2013-05-14,-27478,130874,158352
Producer/Merchant/Processor/User,2013-05-07,-38096,115402,153498
Producer/Merchant/Processor/User,2013-04-30,-43377,107156,150533
Producer/Merchant/Processor/User,2013-04-23,-49747,106073,155820
Producer/Merchant/Processor/User,2013-04-16,-72725,97079,169804
Producer/Merchant/Processor/User,2013-04-09,-78373,76515,154888
Producer/Merchant/Processor/User,2013-04-02,-83013,76927,159940
Producer/Merchant/Processor/User,2013-03-26,-96997,79643,176640
Producer/Merchant/Processor/User,2013-03-19,-98246,80961,179207
Producer/Merchant/Processor/User,2013-03-12,-94725,79504,174229
Producer/Merchant/Processor/User,2013-03-05,-97733,77128,174861
Producer/Merchant/Processor/User,2013-02-26,-107625,71140,178765
Producer/Merchant/Processor/User,2013-02-19,-104231,75786,180017
Producer/Merchant/Processor/User,2013-02-12,-126477,70643,197120
Producer/Merchant/Processor/User,2013-02-05,-136889,66216,203105
Producer/Merchant/Processor/User,2013-01-29,-132115,78072,210187
Producer/Merchant/Processor/User,2013-01-22,-139861,77160,217021
Producer/Merchant/Processor/User,2013-01-15,-134969,73645,208614
Producer/Merchant/Processor/User,2013-01-08,-134796,70941,205737
Producer/Merchant/Processor/User,2012-12-31,-136338,66179,202517
Producer/Merchant/Processor/User,2012-12-24,-136872,70194,207066
Producer/Merchant/Processor/User,2012-12-18,-150361,66273,216634
Producer/Merchant/Processor/User,2012-12-11,-164669,64997,229666
Producer/Merchant/Processor/User,2012-12-04,-176021,61779,237800
Producer/Merchant/Processor/User,2012-11-27,-200080,58371,258451
Producer/Merchant/Processor/User,2012-11-20,-187799,65983,253782
Producer/Merchant/Processor/User,2012-11-13,-182182,66704,248886
Producer/Merchant/Processor/User,2012-11-06,-168380,64056,232436
Producer/Merchant/Processor/User,2012-10-30,-185436,60875,246311
Producer/Merchant/Processor/User,2012-10-23,-190187,63332,253519
Producer/Merchant/Processor/User,2012-10-16,-200596,60277,260873
Producer/Merchant/Processor/User,2012-10-09,-218306,62645,280951
Producer/Merchant/Processor/User,2012-10-02,-216182,62734,278916
Producer/Merchant/Processor/User,2012-09-25,-212638,64612,277250
Producer/Merchant/Processor/User,2012-09-18,-193373,70043,263416
Producer/Merchant/Processor/User,2012-09-11,-192957,97777,290734
Producer/Merchant/Processor/User,2012-09-04,-178188,93289,271477
Producer/Merchant/Processor/User,2012-08-28,-160589,92446,253035
Producer/Merchant/Processor/User,2012-08-21,-144161,92001,236162
Producer/Merchant/Processor/User,2012-08-14,-131158,94161,225319
Producer/Merchant/Processor/User,2012-08-07,-133926,97018,230944
Producer/Merchant/Processor/User,2012-07-31,-145671,100755,246426
Producer/Merchant/Processor/User,2012-07-24,-133046,106691,239737
Producer/Merchant/Processor/User,2012-07-17,-155016,103007,258023
Producer/Merchant/Processor/User,2012-07-10,-149345,103600,252945
Producer/Merchant/Processor/User,2012-07-03,-152775,102983,255758
Producer/Merchant/Processor/User,2012-06-26,-137972,103053,241025
Producer/Merchant/Processor/User,2012-06-19,-147487,103117,250604
Producer/Merchant/Processor/User,2012-06-12,-134044,101247,235291
Producer/Merchant/Processor/User,2012-06-05,-136405,101693,238098
Producer/Merchant/Processor/User,2012-05-29,-121290,114740,236030
Producer/Merchant/Processor/User,2012-05-22,-128505,123550,252055
Producer/Merchant/Processor/User,2012-05-15,-124791,110207,234998
Producer/Merchant/Processor/User,2012-05-08,-130820,106961,237781
Producer/Merchant/Processor/User,2012-05-01,-148410,101478,249888
Producer/Merchant/Processor/User,2012-04-24,-135674,105306,240980
Producer/Merchant/Processor/User,2012-04-17,-143966,99865,243831
Producer/Merchant/Processor/User,2012-04-10,-139102,101256,240358
Producer/Merchant/Processor/User,2012-04-03,-147222,100932,248154
Producer/Merchant/Processor/User,2012-03-27,-157150,98649,255799
Producer/Merchant/Processor/User,2012-03-20,-148762,111927,260689
Producer/Merchant/Processor/User,2012-03-13,-165502,105330,270832
Producer/Merchant/Processor/User,2012-03-06,-168222,104819,273041
Producer/Merchant/Processor/User,2012-02-28,-203452,101607,305059
Producer/Merchant/Processor/User,2012-02-21,-193517,102813,296330
Producer/Merchant/Processor/User,2012-02-14,-180376,102553,282929
Producer/Merchant/Processor/User,2012-02-07,-189072,102356,291428
Producer/Merchant/Processor/User,2012-01-31,-180604,104818,285422
Producer/Merchant/Processor/User,2012-01-24,-169898,110071,279969
Producer/Merchant/Processor/User,2012-01-17,-163369,115531,278900
Producer/Merchant/Processor/User,2012-01-10,-148371,113808,262179
Producer/Merchant/Processor/User,2012-01-03,-149842,111435,261277
Producer/Merchant/Processor/User,2011-12-27,-152386,110347,262733
Producer/Merchant/Processor/User,2011-12-20,-157149,110812,267961
Producer/Merchant/Processor/User,2011-12-13,-172269,107830,280099
Producer/Merchant/Processor/User,2011-12-06,-179603,102407,282010
Producer/Merchant/Processor/User,2011-11-29,-169138,111379,280517
Producer/Merchant/Processor/User,2011-11-22,-165410,122214,287624
Producer/Merchant/Processor/User,2011-11-15,-195662,127932,323594
Producer/Merchant/Processor/User,2011-11-08,-197555,125890,323445
Producer/Merchant/Processor/User,2011-11-01,-188069,127007,315076
Producer/Merchant/Processor/User,2011-10-25,-181804,132511,314315
Producer/Merchant/Processor/User,2011-10-18,-174001,136462,310463
Producer/Merchant/Processor/User,2011-10-11,-175997,135415,311412
Producer/Merchant/Processor/User,2011-10-04,-172365,137575,309940
Producer/Merchant/Processor/User,2011-09-27,-168334,144718,313052
Producer/Merchant/Processor/User,2011-09-20,-191261,147898,339159
Producer/Merchant/Processor/User,2011-09-13,-195399,145941,341340
Producer/Merchant/Processor/User,2011-09-06,-213838,152744,366582
Producer/Merchant/Processor/User,2011-08-30,-201953,151656,353609
Producer/Merchant/Processor/User,2011-08-23,-206222,148932,355154
Producer/Merchant/Processor/User,2011-08-16,-206125,130092,336217
Producer/Merchant/Processor/User,2011-08-09,-202863,121993,324856
Producer/Merchant/Processor/User,2011-08-02,-206665,106890,313555
Producer/Merchant/Processor/User,2011-07-26,-206859,102986,309845
Producer/Merchant/Processor/User,2011-07-19,-190395,108672,299067
Producer/Merchant/Processor/User,2011-07-12,-183788,100862,284650
Producer/Merchant/Processor/User,2011-07-05,-155510,100404,255914
Producer/Merchant/Processor/User,2011-06-28,-161296,99658,260954
Producer/Merchant/Processor/User,2011-06-21,-189212,95517,284729
Producer/Merchant/Processor/User,2011-06-14,-178804,92931,271735
Producer/Merchant/Processor/User,2011-06-07,-185436,91400,276836
Producer/Merchant/Processor/User,2011-05-31,-180733,96223,276956
Producer/Merchant/Processor/User,2011-05-24,-175441,109812,285253
Producer/Merchant/Processor/User,2011-05-17,-164482,100266,264748
Producer/Merchant/Processor/User,2011-05-10,-174739,95856,270595
Producer/Merchant/Processor/User,2011-05-03,-180855,90578,271433
Producer/Merchant/Processor/User,2011-04-26,-175612,93911,269523
Producer/Merchant/Processor/User,2011-04-19,-187061,92155,279216
Producer/Merchant/Processor/User,2011-04-12,-171303,92112,263415
Producer/Merchant/Processor/User,2011-04-05,-168166,90652,258818
Producer/Merchant/Processor/User,2011-03-29,-161389,90548,251937
Producer/Merchant/Processor/User,2011-03-22,-156098,86304,242402
Producer/Merchant/Processor/User,2011-03-15,-147882,89527,237409
Producer/Merchant/Processor/User,2011-03-08,-161730,83160,244890
Producer/Merchant/Processor/User,2011-03-01,-156594,80310,236904
Producer/Merchant/Processor/User,2011-02-22,-147725,80685,228410
Producer/Merchant/Processor/User,2011-02-15,-136656,78018,214674
Producer/Merchant/Processor/User,2011-02-08,-132982,77112,210094
Producer/Merchant/Processor/User,2011-02-01,-127574,78396,205970
Producer/Merchant/Processor/User,2011-01-25,-130469,93584,224053
Producer/Merchant/Processor/User,2011-01-18,-141713,107588,249301
Producer/Merchant/Processor/User,2011-01-11,-158136,104066,262202
Producer/Merchant/Processor/User,2011-01-04,-168369,98203,266572
Producer/Merchant/Processor/User,2010-12-28,-166711,96558,263269
Producer/Merchant/Processor/User,2010-12-21,-164320,98031,262351
Producer/Merchant/Processor/User,2010-12-14,-174533,94493,269026
Producer/Merchant/Processor/User,2010-12-07,-185027,92405,277432
Producer/Merchant/Processor/User,2010-11-30,-174101,93383,267484
Producer/Merchant/Processor/User,2010-11-23,-176940,95013,271953
Producer/Merchant/Processor/User,2010-11-16,-178438,102820,281258
Producer/Merchant/Processor/User,2010-11-09,-208926,98648,307574
Producer/Merchant/Processor/User,2010-11-02,-195375,93954,289329
Producer/Merchant/Processor/User,2010-10-26,-192039,84655,276694
Producer/Merchant/Processor/User,2010-10-19,-200545,89295,289840
Producer/Merchant/Processor/User,2010-10-12,-200427,91001,291428
Producer/Merchant/Processor/User,2010-10-05,-197592,87721,285313
Producer/Merchant/Processor/User,2010-09-28,-196950,86140,283090
Producer/Merchant/Processor/User,2010-09-21,-192768,82500,275268
Producer/Merchant/Processor/User,2010-09-14,-193825,84426,278251
Producer/Merchant/Processor/User,2010-09-07,-193848,81294,275142
Producer/Merchant/Processor/User,2010-08-31,-190318,81311,271629
Producer/Merchant/Processor/User,2010-08-24,-181676,82079,263755
Producer/Merchant/Processor/User,2010-08-17,-172129,82496,254625
Producer/Merchant/Processor/User,2010-08-10,-159775,84578,244353
Producer/Merchant/Processor/User,2010-08-03,-156839,88354,245193
Producer/Merchant/Processor/User,2010-07-27,-168066,95180,263246
Producer/Merchant/Processor/User,2010-07-20,-159403,118061,277464
Producer/Merchant/Processor/User,2010-07-13,-187783,96779,284562
Producer/Merchant/Processor/User,2010-07-06,-186788,98644,285432
Producer/Merchant/Processor/User,2010-06-29,-217018,90351,307369
Producer/Merchant/Processor/User,2010-06-22,-230145,91405,321550
Producer/Merchant/Processor/User,2010-06-15,-227601,84856,312457
Producer/Merchant/Processor/User,2010-06-08,-224377,85896,310273
Producer/Merchant/Processor/User,2010-06-01,-217555,79559,297114
Producer/Merchant/Processor/User,2010-05-25,-213955,75964,289919
Producer/Merchant/Processor/User,2010-05-18,-236892,74937,311829
Producer/Merchant/Processor/User,2010-05-11,-234202,75671,309873
Producer/Merchant/Processor/User,2010-05-04,-201457,70192,271649
Producer/Merchant/Processor/User,2010-04-27,-189896,67524,257420
Producer/Merchant/Processor/User,2010-04-20,-186822,66339,253161
Producer/Merchant/Processor/User,2010-04-13,-184855,66076,250931
Producer/Merchant/Processor/User,2010-04-06,-163847,64728,228575
Producer/Merchant/Processor/User,2010-03-30,-135134,74776,209910
Producer/Merchant/Processor/User,2010-03-23,-138703,73785,212488
Producer/Merchant/Processor/User,2010-03-16,-152892,65723,218615
Producer/Merchant/Processor/User,2010-03-09,-165320,56355,221675
Producer/Merchant/Processor/User,2010-03-02,-167104,51040,218144
Producer/Merchant/Processor/User,2010-02-23,-159295,50677,209972
Producer/Merchant/Processor/User,2010-02-16,-137412,56415,193827
Producer/Merchant/Processor/User,2010-02-09,-147915,56950,204865
Producer/Merchant/Processor/User,2010-02-02,-166665,52255,218920
Producer/Merchant/Processor/User,2010-01-26,-176537,57233,233770
Producer/Merchant/Processor/User,2010-01-19,-198145,60397,258542
Producer/Merchant/Processor/User,2010-01-12,-203420,57469,260889
Producer/Merchant/Processor/User,2010-01-05,-193589,57571,251160
Producer/Merchant/Processor/User,2009-12-29,-191281,57850,249131
Producer/Merchant/Processor/User,2009-12-22,-198618,56915,255533
Producer/Merchant/Processor/User,2009-12-15,-202570,55461,258031
Producer/Merchant/Processor/User,2009-12-08,-198867,55227,254094
Producer/Merchant/Processor/User,2009-12-01,-199276,59291,258567
Producer/Merchant/Processor/User,2009-11-24,-209825,54999,264824
Producer/Merchant/Processor/User,2009-11-17,-198730,63986,262716
Producer/Merchant/Processor/User,2009-11-09,-202105,59336,261441
Producer/Merchant/Processor/User,2009-11-03,-200042,59276,259318
Producer/Merchant/Processor/User,2009-10-27,-195972,53986,249958
Producer/Merchant/Processor/User,2009-10-20,-208767,55734,264501
Producer/Merchant/Processor/User,2009-10-13,-208633,55799,264432
Producer/Merchant/Processor/User,2009-10-06,-193237,53146,246383
Producer/Merchant/Processor/User,2009-09-29,-185327,55434,240761
Producer/Merchant/Processor/User,2009-09-22,-193775,52699,246474
Producer/Merchant/Processor/User,2009-09-15,-196830,51596,248426
Producer/Merchant/Processor/User,2009-09-08,-193683,52591,246274
Producer/Merchant/Processor/User,2009-09-01,-138862,48686,187548
Producer/Merchant/Processor/User,2009-08-25,-153186,48075,201261
Producer/Merchant/Processor/User,2009-08-18,-147290,48495,195785
Producer/Merchant/Processor/User,2009-08-11,-162752,46600,209352
Producer/Merchant/Processor/User,2009-08-04,-163483,49650,213133
Producer/Merchant/Processor/User,2009-07-28,-155857,50025,205882
Producer/Merchant/Processor/User,2009-07-21,-154206,51908,206114
Producer/Merchant/Processor/User,2009-07-14,-147732,49888,197620
Producer/Merchant/Processor/User,2009-07-07,-160229,51559,211788
Producer/Merchant/Processor/User,2009-06-30,-162348,50138,212486
Producer/Merchant/Processor/User,2009-06-23,-157547,49382,206929
Producer/Merchant/Processor/User,2009-06-16,-166321,51238,217559
Producer/Merchant/Processor/User,2009-06-09,-178256,51775,230031
Producer/Merchant/Processor/User,2009-06-02,-182644,55351,237995
Producer/Merchant/Processor/User,2009-05-26,-167223,50988,218211
Producer/Merchant/Processor/User,2009-05-19,-150197,56687,206884
Producer/Merchant/Processor/User,2009-05-12,-139761,52875,192636
Producer/Merchant/Processor/User,2009-05-05,-129367,51774,181141
Producer/Merchant/Processor/User,2009-04-28,-123989,59734,183723
Producer/Merchant/Processor/User,2009-04-21,-119288,61978,181266
Producer/Merchant/Processor/User,2009-04-14,-123593,59958,183551
Producer/Merchant/Processor/User,2009-04-07,-126499,67182,193681
Producer/Merchant/Processor/User,2009-03-31,-152483,80862,233345
Producer/Merchant/Processor/User,2009-03-24,-158833,96217,255050
Producer/Merchant/Processor/User,2009-03-17,-157095,83163,240258
Producer/Merchant/Processor/User,2009-03-10,-162142,64571,226713
Producer/Merchant/Processor/User,2009-03-03,-170026,62628,232654
Producer/Merchant/Processor/User,2009-02-24,-169884,67205,237089
Producer/Merchant/Processor/User,2009-02-17,-168782,69025,237807
Producer/Merchant/Processor/User,2009-02-10,-162253,68184,230437
Producer/Merchant/Processor/User,2009-02-03,-153057,66978,220035
Producer/Merchant/Processor/User,2009-01-27,-140198,71841,212039
Producer/Merchant/Processor/User,2009-01-20,-123720,68061,191781
Producer/Merchant/Processor/User,2009-01-13,-122903,67301,190204
Producer/Merchant/Processor/User,2009-01-06,-124521,63719,188240
Producer/Merchant/Processor/User,2008-12-30,-116119,60179,176298
Producer/Merchant/Processor/User,2008-12-22,-107868,62030,169898
Producer/Merchant/Processor/User,2008-12-16,-106381,60712,167093
Producer/Merchant/Processor/User,2008-12-09,-88717,59739,148456
Producer/Merchant/Processor/User,2008-12-02,-91114,57540,148654
Producer/Merchant/Processor/User,2008-11-25,-87720,62288,150008
Producer/Merchant/Processor/User,2008-11-18,-62655,73562,136217
Producer/Merchant/Processor/User,2008-11-11,-58230,70589,128819
Producer/Merchant/Processor/User,2008-11-04,-54721,70639,125360
Producer/Merchant/Processor/User,2008-10-28,-60045,81897,141942
Producer/Merchant/Processor/User,2008-10-21,-70296,76207,146503
Producer/Merchant/Processor/User,2008-10-14,-80752,68144,148896
Producer/Merchant/Processor/User,2008-10-07,-77273,77562,154835
Producer/Merchant/Processor/User,2008-09-30,-78037,81855,159892
Producer/Merchant/Processor/User,2008-09-23,-70301,94211,164512
Producer/Merchant/Processor/User,2008-09-16,-25782,120073,145855
Producer/Merchant/Processor/User,2008-09-09,-36923,117265,154188
Producer/Merchant/Processor/User,2008-09-02,-43491,109591,153082
Producer/Merchant/Processor/User,2008-08-26,-52711,103358,156069
Producer/Merchant/Processor/User,2008-08-19,-65802,97680,163482
Producer/Merchant/Processor/User,2008-08-12,-83335,80559,163894
Producer/Merchant/Processor/User,2008-08-05,-128829,74640,203469
Producer/Merchant/Processor/User,2008-07-29,-144207,87803,232010
Producer/Merchant/Processor/User,2008-07-22,-166735,89355,256090
Producer/Merchant/Processor/User,2008-07-15,-168866,92417,261283
Producer/Merchant/Processor/User,2008-07-08,-145248,74725,219973
Producer/Merchant/Processor/User,2008-07-01,-141979,67403,209382
Producer/Merchant/Processor/User,2008-06-24,-123088,62585,185673
Producer/Merchant/Processor/User,2008-06-17,-127868,62494,190362
Producer/Merchant/Processor/User,2008-06-10,-131660,59329,190989
Producer/Merchant/Processor/User,2008-06-03,-146530,61710,208240
Producer/Merchant/Processor/User,2008-05-27,-154920,60619,215539
Producer/Merchant/Processor/User,2008-05-20,-161081,69087,230168
Producer/Merchant/Processor/User,2008-05-13,-138582,77799,216381
Producer/Merchant/Processor/User,2008-05-06,-138393,76829,215222
Producer/Merchant/Processor/User,2008-04-29,-142594,70964,213558
Producer/Merchant/Processor/User,2008-04-22,-154958,69245,224203
Producer/Merchant/Processor/User,2008-04-15,-155090,64277,219367
Producer/Merchant/Processor/User,2008-04-08,-144645,64811,209456
Producer/Merchant/Processor/User,2008-04-01,-142069,65471,207540
Producer/Merchant/Processor/User,2008-03-25,-154977,65921,220898
Producer/Merchant/Processor/User,2008-03-18,-187696,66661,254357
Producer/Merchant/Processor/User,2008-03-11,-179781,58746,238527
Producer/Merchant/Processor/User,2008-03-04,-172516,65558,238074
Producer/Merchant/Processor/User,2008-02-26,-177009,72523,249532
Producer/Merchant/Processor/User,2008-02-19,-175784,71708,247492
Producer/Merchant/Processor/User,2008-02-12,-166544,69211,235755
Producer/Merchant/Processor/User,2008-02-05,-166592,78052,244644
Producer/Merchant/Processor/User,2008-01-29,-181708,85872,267580
Producer/Merchant/Processor/User,2008-01-22,-181352,85882,267234
Producer/Merchant/Processor/User,2008-01-15,-192665,95829,288494
Producer/Merchant/Processor/User,2008-01-08,-188829,91421,280250
Producer/Merchant/Processor/User,2007-12-31,-192713,94136,286849
Producer/Merchant/Processor/User,2007-12-24,-185441,90101,275542
Producer/Merchant/Processor/User,2007-12-18,-176033,86178,262211
Producer/Merchant/Processor/User,2007-12-11,-175271,86538,261809
Producer/Merchant/Processor/User,2007-12-04,-180559,94181,274740
Producer/Merchant/Processor/User,2007-11-27,-189573,97314,286887
Producer/Merchant/Processor/User,2007-11-20,-190042,88087,278129
Producer/Merchant/Processor/User,2007-11-13,-193809,82878,276687
Producer/Merchant/Processor/User,2007-11-06,-202367,76518,278885
Producer/Merchant/Processor/User,2007-10-30,-193592,68360,261952
Producer/Merchant/Processor/User,2007-10-23,-177627,61367,238994
Producer/Merchant/Processor/User,2007-10-16,-184776,58172,242948
Producer/Merchant/Processor/User,2007-10-09,-178613,56772,235385
Producer/Merchant/Processor/User,2007-10-02,-162889,56032,218921
Producer/Merchant/Processor/User,2007-09-25,-149980,58900,208880
Producer/Merchant/Processor/User,2007-09-18,-130789,53199,183988
Producer/Merchant/Processor/User,2007-09-11,-121595,52783,174378
Producer/Merchant/Processor/User,2007-09-04,-88717,56352,145069
Producer/Merchant/Processor/User,2007-08-28,-71639,63998,135637
Producer/Merchant/Processor/User,2007-08-21,-62016,66989,129005
Producer/Merchant/Processor/User,2007-08-14,-83416,57938,141354
Producer/Merchant/Processor/User,2007-08-07,-78666,57648,136314
Producer/Merchant/Processor/User,2007-07-31,-76804,61552,138356
Producer/Merchant/Processor/User,2007-07-24,-98003,60863,158866
Producer/Merchant/Processor/User,2007-07-17,-75541,67324,142865
Producer/Merchant/Processor/User,2007-07-10,-71455,71637,143092
Producer/Merchant/Processor/User,2007-07-03,-66627,70061,136688
Producer/Merchant/Processor/User,2007-06-26,-59087,84402,143489
Producer/Merchant/Processor/User,2007-06-19,-66723,83004,149727
Producer/Merchant/Processor/User,2007-06-12,-66168,84254,150422
Producer/Merchant/Processor/User,2007-06-05,-92608,64162,156770
Producer/Merchant/Processor/User,2007-05-29,-80773,82272,163045
Producer/Merchant/Processor/User,2007-05-22,-90464,73853,164317
Producer/Merchant/Processor/User,2007-05-15,-102011,66863,168874
Producer/Merchant/Processor/User,2007-05-08,-126827,62808,189635
Producer/Merchant/Processor/User,2007-05-01,-124492,57725,182217
Producer/Merchant/Processor/User,2007-04-24,-122063,59749,181812
Producer/Merchant/Processor/User,2007-04-17,-116887,57646,174533
Producer/Merchant/Processor/User,2007-04-10,-105905,60893,166798
Producer/Merchant/Processor/User,2007-04-03,-87034,62112,149146
Producer/Merchant/Processor/User,2007-03-27,-97162,57504,154666
Producer/Merchant/Processor/User,2007-03-20,-95054,64307,159361
Producer/Merchant/Processor/User,2007-03-13,-96336,73613,169949
Producer/Merchant/Processor/User,2007-03-06,-99246,67506,166752
Producer/Merchant/Processor/User,2007-02-27,-128143,63467,191610
Producer/Merchant/Processor/User,2007-02-20,-119877,55735,175612
Producer/Merchant/Processor/User,2007-02-13,-115787,55706,171493
Producer/Merchant/Processor/User,2007-02-06,-105778,53021,158799
Producer/Merchant/Processor/User,2007-01-30,-93128,55258,148386
Producer/Merchant/Processor/User,2007-01-23,-80652,68321,148973
Producer/Merchant/Processor/User,2007-01-16,-66285,63169,129454
Producer/Merchant/Processor/User,2007-01-09,-64613,61731,126344
Producer/Merchant/Processor/User,2007-01-03,-82503,59523,142026
Producer/Merchant/Processor/User,2006-12-26,-77059,62269,139328
Producer/Merchant/Processor/User,2006-12-19,-75191,62701,137892
Producer/Merchant/Processor/User,2006-12-12,-82169,56527,138696
Producer/Merchant/Processor/User,2006-12-05,-81592,56787,138379
Producer/Merchant/Processor/User,2006-11-28,-79166,62564,141730
Producer/Merchant/Processor/User,2006-11-21,-81471,71887,153358
Producer/Merchant/Processor/User,2006-11-14,-82748,75827,158575
Producer/Merchant/Processor/User,2006-11-07,-76668,69676,146344
Producer/Merchant/Processor/User,2006-10-31,-62168,67289,129457
Producer/Merchant/Processor/User,2006-10-24,-56830,75101,131931
Producer/Merchant/Processor/User,2006-10-17,-60286,71558,131844
Producer/Merchant/Processor/User,2006-10-10,-61282,72256,133538
Producer/Merchant/Processor/User,2006-10-03,-65237,66104,131341
Producer/Merchant/Processor/User,2006-09-26,-67790,63370,131160
Producer/Merchant/Processor/User,2006-09-19,-74287,61312,135599
Producer/Merchant/Processor/User,2006-09-12,-79685,53732,133417
Producer/Merchant/Processor/User,2006-09-05,-90277,54238,144515
Producer/Merchant/Processor/User,2006-08-29,-85606,51201,136807
Producer/Merchant/Processor/User,2006-08-22,-90551,48070,138621
Producer/Merchant/Processor/User,2006-08-15,-92804,46986,139790
Producer/Merchant/Processor/User,2006-08-08,-96037,46203,142240
Producer/Merchant/Processor/User,2006-08-01,-90827,45161,135988
Producer/Merchant/Processor/User,2006-07-25,-80431,52859,133290
Producer/Merchant/Processor/User,2006-07-18,-81303,49863,131166
Producer/Merchant/Processor/User,2006-07-11,-76109,54509,130618
Producer/Merchant/Processor/User,2006-07-03,-74481,48087,122568
Producer/Merchant/Processor/User,2006-06-27,-73441,48449,121890
Producer/Merchant/Processor/User,2006-06-20,-79552,47440,126992
Producer/Merchant/Processor/User,2006-06-13,-86305,42587,128892
Swap Dealer,2024-10-08,-234148,42490,276638
Swap Dealer,2024-10-01,-254217,39878,294095
Swap Dealer,2024-09-24,-258642,41644,300286
Swap Dealer,2024-09-17,-256015,41685,297700
Swap Dealer,2024-09-10,-230553,48329,278882
Swap Dealer,2024-09-03,-240911,50964,291875
Swap Dealer,2024-08-27,-256488,48757,305245
Swap Dealer,2024-08-20,-257742,49742,307484
Swap Dealer,2024-08-13,-243665,51936,295601
Swap Dealer,2024-08-06,-223022,55683,278705
Swap Dealer,2024-07-30,-232796,52195,284991
Swap Dealer,2024-07-23,-242953,55813,298766
Swap Dealer,2024-07-16,-251017,57785,308802
Swap Dealer,2024-07-09,-229625,58882,288507
Swap Dealer,2024-06-25,-230469,55654,286123
Swap Dealer,2024-06-18,-231823,54160,285983
Swap Dealer,2024-06-11,-223010,54335,277345
Swap Dealer,2024-06-04,-233260,54735,287995
Swap Dealer,2024-05-28,-231251,67077,298328
Swap Dealer,2024-05-21,-244713,70693,315406
Swap Dealer,2024-05-14,-224323,70909,295232
Swap Dealer,2024-05-07,-215587,68665,284252
Swap Dealer,2024-04-30,-217363,68824,286187
Swap Dealer,2024-04-23,-214487,70526,285013
Swap Dealer,2024-04-16,-211569,72383,283952
Swap Dealer,2024-04-09,-207448,73338,280786
Swap Dealer,2024-04-02,-204132,74392,278524
Swap Dealer,2024-03-26,-186498,76142,262640
Swap Dealer,2024-03-19,-181717,73439,255156
Swap Dealer,2024-03-12,-184947,71471,256418
Swap Dealer,2024-03-05,-170393,72704,243097
Swap Dealer,2024-02-27,-122165,77884,200049
Swap Dealer,2024-02-20,-123919,77976,201895
Swap Dealer,2024-02-13,-121146,81366,202512
Swap Dealer,2024-02-06,-148063,75819,223882
Swap Dealer,2024-01-30,-140710,75597,216307
Swap Dealer,2024-01-23,-157994,76257,234251
Swap Dealer,2024-01-16,-171485,74046,245531
Swap Dealer,2024-01-09,-177639,76049,253688
Swap Dealer,2024-01-02,-204569,71317,275886
Swap Dealer,2023-12-26,-198150,69854,268004
Swap Dealer,2023-12-19,-190641,69958,260599
Swap Dealer,2023-12-12,-173164,73712,246876
Swap Dealer,2023-12-05,-188280,72632,260912
Swap Dealer,2023-11-28,-181916,72931,254847
Swap Dealer,2023-11-21,-155933,78573,234506
Swap Dealer,2023-11-14,-140613,83225,223838
Swap Dealer,2023-11-07,-149101,80888,229989
Swap Dealer,2023-10-31,-146503,78167,224670
Swap Dealer,2023-10-24,-129529,81966,211495
Swap Dealer,2023-10-17,-97353,86810,184163
Swap Dealer,2023-10-10,-64826,95749,160575
Swap Dealer,2023-10-03,-79478,91477,170955
Swap Dealer,2023-09-26,-108593,91008,199601
Swap Dealer,2023-09-19,-131308,84209,215517
Swap Dealer,2023-09-12,-123591,86575,210166
Swap Dealer,2023-09-05,-136905,83809,220714
Swap Dealer,2023-08-29,-124362,85064,209426
Swap Dealer,2023-08-22,-102801,90606,193407
Swap Dealer,2023-08-15,-120847,89744,210591
Swap Dealer,2023-08-08,-143091,91044,234135
Swap Dealer,2023-08-01,-160169,90411,250580
Swap Dealer,2023-07-25,-163311,86593,249904
Swap Dealer,2023-07-18,-179720,84400,264120
Swap Dealer,2023-07-11,-161502,89577,251079
Swap Dealer,2023-07-03,-159573,90133,249706
Swap Dealer,2023-06-27,-151382,94824,246206
Swap Dealer,2023-06-20,-159061,95175,254236
Swap Dealer,2023-06-13,-159137,93368,252505
Swap Dealer,2023-06-06,-169729,91085,260814
Swap Dealer,2023-05-30,-160568,92838,253406
Swap Dealer,2023-05-23,-172911,94612,267523
Swap Dealer,2023-05-16,-192379,96434,288813
Swap Dealer,2023-05-09,-203545,95377,298922
Swap Dealer,2023-05-02,-200267,94283,294550
Swap Dealer,2023-04-25,-192183,94541,286724
Swap Dealer,2023-04-18,-195674,93761,289435
Swap Dealer,2023-04-11,-193233,92514,285747
Swap Dealer,2023-04-04,-194785,89856,284641
Swap Dealer,2023-03-28,-166306,90835,257141
Swap Dealer,2023-03-21,-149153,92610,241763
Swap Dealer,2023-03-14,-125393,97265,222658
Swap Dealer,2023-03-07,-87617,95359,182976
Swap Dealer,2023-02-28,-99534,93481,193015
Swap Dealer,2023-02-21,-111594,89889,201483
Swap Dealer,2023-02-14,-115323,90148,205471
Swap Dealer,2023-02-07,-136873,88134,225007
Swap Dealer,2023-01-31,-167024,83654,250678
Swap Dealer,2023-01-24,-161956,85452,247408
Swap Dealer,2023-01-17,-152046,84897,236943
Swap Dealer,2023-01-10,-142517,84097,226614
Swap Dealer,2023-01-03,-132231,87558,219789
Swap Dealer,2022-12-27,-125608,89125,214733
Swap Dealer,2022-12-20,-115381,89444,204825
Swap Dealer,2022-12-13,-111626,91509,203135
Swap Dealer,2022-12-06,-98142,91387,189529
Swap Dealer,2022-11-29,-88892,97493,186385
Swap Dealer,2022-11-22,-95273,95880,191153
Swap Dealer,2022-11-15,-104551,91622,196173
Swap Dealer,2022-11-08,-73464,94908,168372
Swap Dealer,2022-11-01,-60380,98254,158634
Swap Dealer,2022-10-25,-63568,95438,159006
Swap Dealer,2022-10-18,-68562,93015,161577
Swap Dealer,2022-10-11,-77456,91854,169310
Swap Dealer,2022-10-04,-75544,94277,169821
Swap Dealer,2022-09-27,-44136,99062,143198
Swap Dealer,2022-09-20,-54188,96613,150801
Swap Dealer,2022-09-13,-81949,89922,171871
Swap Dealer,2022-09-06,-86542,89388,175930
Swap Dealer,2022-08-30,-98966,87323,186289
Swap Dealer,2022-08-23,-106016,85569,191585
Swap Dealer,2022-08-16,-120559,83908,204467
Swap Dealer,2022-08-09,-122749,83181,205930
Swap Dealer,2022-08-02,-108725,87849,196574
Swap Dealer,2022-07-26,-82029,92205,174234
Swap Dealer,2022-07-19,-84501,94886,179387
Swap Dealer,2022-07-12,-107512,92054,199566
Swap Dealer,2022-07-05,-126737,90707,217444
Swap Dealer,2022-06-28,-144335,88858,233193
Swap Dealer,2022-06-21,-152071,89680,241751
Swap Dealer,2022-06-14,-143504,90464,233968
Swap Dealer,2022-06-07,-161292,83939,245231
Swap Dealer,2022-05-31,-160169,87346,247515
Swap Dealer,2022-05-24,-175990,86976,262966
Swap Dealer,2022-05-17,-168132,91866,259998
Swap Dealer,2022-05-10,-186506,91841,278347
Swap Dealer,2022-05-03,-199443,91543,290986
Swap Dealer,2022-04-26,-218246,87012,305258
Swap Dealer,2022-04-19,-244237,83613,327850
Swap Dealer,2022-04-12,-256777,81942,338719
Swap Dealer,2022-04-05,-241616,83413,325029
Swap Dealer,2022-03-29,-250475,84554,335029
Swap Dealer,2022-03-22,-243846,90412,334258
Swap Dealer,2022-03-15,-257125,84390,341515
Swap Dealer,2022-03-08,-265295,86307,351602
Swap Dealer,2022-03-01,-235616,86923,322539
Swap Dealer,2022-02-22,-222011,88435,310446
Swap Dealer,2022-02-15,-191229,90334,281563
Swap Dealer,2022-02-08,-171006,91878,262884
Swap Dealer,2022-02-01,-158763,92093,250856
Swap Dealer,2022-01-25,-198048,81157,279205
Swap Dealer,2022-01-18,-178158,84605,262763
Swap Dealer,2022-01-11,-181536,79432,260968
Swap Dealer,2022-01-04,-191408,72281,263689
Swap Dealer,2021-12-28,-194568,71861,266429
Swap Dealer,2021-12-21,-184932,72680,257612
Swap Dealer,2021-12-14,-183846,74661,258507
Swap Dealer,2021-12-07,-195407,74934,270341
Swap Dealer,2021-11-30,-209156,69810,278966
Swap Dealer,2021-11-23,-206427,67787,274214
Swap Dealer,2021-11-16,-231785,67391,299176
Swap Dealer,2021-11-09,-223834,67691,291525
Swap Dealer,2021-11-02,-190541,70636,261177
Swap Dealer,2021-10-26,-192197,71306,263503
Swap Dealer,2021-10-19,-170210,75161,245371
Swap Dealer,2021-10-12,-161802,76215,238017
Swap Dealer,2021-10-05,-163847,76055,239902
Swap Dealer,2021-09-28,-150404,71846,222250
Swap Dealer,2021-09-21,-170717,71667,242384
Swap Dealer,2021-09-14,-187844,72028,259872
Swap Dealer,2021-09-07,-190911,72139,263050
Swap Dealer,2021-08-31,-196682,71753,268435
Swap Dealer,2021-08-24,-188268,72848,261116
Swap Dealer,2021-08-17,-169323,72869,242192
Swap Dealer,2021-08-10,-150719,71743,222462
Swap Dealer,2021-08-03,-174885,73284,248169
Swap Dealer,2021-07-27,-179529,66007,245536
Swap Dealer,2021-07-20,-178293,65708,244001
Swap Dealer,2021-07-13,-171135,65415,236550
Swap Dealer,2021-07-06,-163215,66189,229404
Swap Dealer,2021-06-29,-146671,66479,213150
Swap Dealer,2021-06-22,-151429,66754,218183
Swap Dealer,2021-06-08,-196990,63064,260054
Swap Dealer,2021-06-01,-195376,63326,258702
Swap Dealer,2021-05-25,-187127,66847,253974
Swap Dealer,2021-05-18,-175773,66091,241864
Swap Dealer,2021-05-11,-162484,66759,229243
Swap Dealer,2021-05-04,-137141,67316,204457
Swap Dealer,2021-04-27,-136465,68621,205086
Swap Dealer,2021-04-20,-140124,67766,207890
Swap Dealer,2021-04-13,-134280,67433,201713
Swap Dealer,2021-04-06,-136032,66483,202515
Swap Dealer,2021-03-30,-114694,63339,178033
Swap Dealer,2021-03-23,-122162,64851,187013
Swap Dealer,2021-03-16,-128524,65719,194243
Swap Dealer,2021-03-09,-122937,65170,188107
Swap Dealer,2021-03-02,-132634,64934,197568
Swap Dealer,2021-02-23,-161106,64119,225225
Swap Dealer,2021-02-16,-167329,65049,232378
Swap Dealer,2021-02-09,-183872,63783,247655
Swap Dealer,2021-02-02,-188295,64156,252451
Swap Dealer,2021-01-26,-192742,66605,259347
Swap Dealer,2021-01-19,-183977,65924,249901
Swap Dealer,2021-01-12,-188062,66545,254607
Swap Dealer,2021-01-05,-218033,65142,283175
Swap Dealer,2020-12-29,-201001,67525,268526
Swap Dealer,2020-12-21,-198434,67446,265880
Swap Dealer,2020-12-15,-191105,69021,260126
Swap Dealer,2020-12-08,-188566,70515,259081
Swap Dealer,2020-12-01,-179336,73528,252864
Swap Dealer,2020-11-24,-174464,75668,250132
Swap Dealer,2020-11-17,-191244,70711,261955
Swap Dealer,2020-11-10,-185031,71595,256626
Swap Dealer,2020-11-03,-195726,70384,266110
Swap Dealer,2020-10-27,-202522,71615,274137
Swap Dealer,2020-10-20,-203502,73564,277066
Swap Dealer,2020-10-13,-192586,74260,266846
Swap Dealer,2020-10-06,-202990,73513,276503
Swap Dealer,2020-09-29,-199888,73201,273089
Swap Dealer,2020-09-22,-201208,72131,273339
Swap Dealer,2020-09-15,-217630,69746,287376
Swap Dealer,2020-09-08,-209815,70099,279914
Swap Dealer,2020-09-01,-210569,70844,281413
Swap Dealer,2020-08-25,-203248,71885,275133
Swap Dealer,2020-08-18,-213967,69964,283931
Swap Dealer,2020-08-11,-210448,69505,279953
Swap Dealer,2020-08-04,-221292,67203,288495
Swap Dealer,2020-07-28,-228296,63722,292018
Swap Dealer,2020-07-21,-238679,62839,301518
Swap Dealer,2020-07-14,-236829,64445,301274
Swap Dealer,2020-07-07,-240710,65340,306050
Swap Dealer,2020-06-30,-234539,68007,302546
Swap Dealer,2020-06-23,-222500,69802,292302
Swap Dealer,2020-06-16,-196489,72346,268835
Swap Dealer,2020-06-09,-185633,72709,258342
Swap Dealer,2020-06-02,-200283,71925,272208
Swap Dealer,2020-05-26,-209557,74265,283822
Swap Dealer,2020-05-19,-226351,74583,300934
Swap Dealer,2020-05-12,-213596,75410,289006
Swap Dealer,2020-05-05,-212416,73578,285994
Swap Dealer,2020-04-28,-217276,71641,288917
Swap Dealer,2020-04-21,-210483,72193,282676
Swap Dealer,2020-04-14,-218223,71892,290115
Swap Dealer,2020-04-07,-203392,76262,279654
Swap Dealer,2020-03-31,-194892,79028,273920
Swap Dealer,2020-03-24,-218429,78595,297024
Swap Dealer,2020-03-17,-183907,84477,268384
Swap Dealer,2020-03-10,-250868,95726,346594
Swap Dealer,2020-03-03,-257252,92190,349442
Swap Dealer,2020-02-25,-279717,95715,375432
Swap Dealer,2020-02-18,-271851,102636,374487
Swap Dealer,2020-02-11,-223658,114041,337699
Swap Dealer,2020-02-04,-213030,113727,326757
Swap Dealer,2020-01-28,-253279,111826,365105
Swap Dealer,2020-01-21,-242568,113790,356358
Swap Dealer,2020-01-14,-238067,119069,357136
Swap Dealer,2020-01-07,-252833,119729,372562
Swap Dealer,2019-12-31,-246931,123100,370031
Swap Dealer,2019-12-24,-222211,120605,342816
Swap Dealer,2019-12-17,-193671,122684,316355
Swap Dealer,2019-12-10,-183471,121947,305418
Swap Dealer,2019-12-03,-206463,120097,326560
Swap Dealer,2019-11-26,-188456,119562,308018
Swap Dealer,2019-11-19,-210659,117253,327912
Swap Dealer,2019-11-12,-186706,119432,306138
Swap Dealer,2019-11-05,-204531,120874,325405
Swap Dealer,2019-10-29,-192373,116884,309257
Swap Dealer,2019-10-22,-176470,113372,289842
Swap Dealer,2019-10-15,-168167,111894,280061
Swap Dealer,2019-10-08,-194802,106372,301174
Swap Dealer,2019-10-01,-183976,104128,288104
Swap Dealer,2019-09-24,-230308,99442,329750
Swap Dealer,2019-09-17,-202700,99542,302242
Swap Dealer,2019-09-10,-189918,101229,291147
Swap Dealer,2019-09-03,-240878,90253,331131
Swap Dealer,2019-08-27,-246871,87262,334133
Swap Dealer,2019-08-20,-240950,86421,327371
Swap Dealer,2019-08-13,-238834,87615,326449
Swap Dealer,2019-08-06,-240695,90247,330942
Swap Dealer,2019-07-30,-197636,96517,294153
Swap Dealer,2019-07-23,-195087,98975,294062
Swap Dealer,2019-07-16,-187064,98793,285857
Swap Dealer,2019-07-09,-171710,101003,272713
Swap Dealer,2019-07-02,-188040,97626,285666
Swap Dealer,2019-06-25,-180077,98002,278079
Swap Dealer,2019-06-18,-156635,94870,251505
Swap Dealer,2019-06-11,-134256,93479,227735
Swap Dealer,2019-06-04,-109388,90006,199394
Swap Dealer,2019-05-28,-46433,105864,152297
Swap Dealer,2019-05-21,-38656,105310,143966
Swap Dealer,2019-05-14,-77433,93677,171110
Swap Dealer,2019-05-07,-53239,100016,153255
Swap Dealer,2019-04-30,-42489,109601,152090
Swap Dealer,2019-04-23,-22400,114935,137335
Swap Dealer,2019-04-16,-37245,107045,144290
Swap Dealer,2019-04-09,-87876,89605,177481
Swap Dealer,2019-04-02,-67092,101367,168459
Swap Dealer,2019-03-26,-101747,94532,196279
Swap Dealer,2019-03-19,-74677,97703,172380
Swap Dealer,2019-03-12,-67866,102781,170647
Swap Dealer,2019-03-05,-51311,106973,158284
Swap Dealer,2019-02-26,-100990,98706,199696
Swap Dealer,2019-02-19,-106800,99294,206094
Swap Dealer,2019-02-12,-75170,111248,186418
Swap Dealer,2019-02-05,-80472,109276,189748
Swap Dealer,2019-01-29,-71093,97985,169078
Swap Dealer,2019-01-22,-53535,98171,151706
Swap Dealer,2019-01-15,-71420,95251,166671
Swap Dealer,2019-01-08,-79735,92216,171951
Swap Dealer,2018-12-31,-93163,87528,180691
Swap Dealer,2018-12-24,-79558,88577,168135
Swap Dealer,2018-12-18,-41248,92912,134160
Swap Dealer,2018-12-11,-19993,95373,115366
Swap Dealer,2018-12-04,-7124,94297,101421
Swap Dealer,2018-11-27,28737,104216,75479
Swap Dealer,2018-11-20,26532,105408,78876
Swap Dealer,2018-11-13,52752,114063,61311
Swap Dealer,2018-11-06,27929,103815,75886
Swap Dealer,2018-10-30,34645,107379,72734
Swap Dealer,2018-10-23,22019,104645,82626
Swap Dealer,2018-10-16,32183,108082,75899
Swap Dealer,2018-10-09,75952,120906,44954
Swap Dealer,2018-10-02,57836,114258,56422
Swap Dealer,2018-09-25,58635,117964,59329
Swap Dealer,2018-09-18,54755,119954,65199
Swap Dealer,2018-09-11,58048,120938,62890
Swap Dealer,2018-09-04,63000,120443,57443
Swap Dealer,2018-08-28,41086,114350,73264
Swap Dealer,2018-08-21,50917,118567,67650
Swap Dealer,2018-08-14,51260,124998,73738
Swap Dealer,2018-08-07,37885,117572,79687
Swap Dealer,2018-07-31,18044,107393,89349
Swap Dealer,2018-07-24,6374,103362,96988
Swap Dealer,2018-07-17,15274,108671,93397
Swap Dealer,2018-07-10,-20231,96002,116233
Swap Dealer,2018-07-03,-10470,101585,112055
Swap Dealer,2018-06-26,-14631,107185,121816
Swap Dealer,2018-06-19,-29678,101191,130869
Swap Dealer,2018-06-12,-41003,96436,137439
Swap Dealer,2018-06-05,-33483,99212,132695
Swap Dealer,2018-05-29,41,115681,115640
Swap Dealer,2018-05-22,21255,119998,98743
Swap Dealer,2018-05-15,28114,122860,94746
Swap Dealer,2018-05-08,12351,122091,109740
Swap Dealer,2018-05-01,17003,124542,107539
Swap Dealer,2018-04-24,-5999,123968,129967
Swap Dealer,2018-04-17,-22925,121868,144793
Swap Dealer,2018-04-10,-20822,117876,138698
Swap Dealer,2018-04-03,-30157,114306,144463
Swap Dealer,2018-03-27,-57919,107335,165254
Swap Dealer,2018-03-20,-12446,112108,124554
Swap Dealer,2018-03-13,-23733,110570,134303
Swap Dealer,2018-03-06,-38649,108965,147614
Swap Dealer,2018-02-27,-28228,108787,137015
Swap Dealer,2018-02-20,-50953,101458,152411
Swap Dealer,2018-02-13,-35729,102685,138414
Swap Dealer,2018-02-06,-41654,109351,151005
Swap Dealer,2018-01-30,-51473,110466,161939
Swap Dealer,2018-01-23,-52595,111102,163697
Swap Dealer,2018-01-16,-52750,109877,162627
Swap Dealer,2018-01-09,-50205,108479,158684
Swap Dealer,2018-01-02,-28411,111140,139551
Swap Dealer,2017-12-26,-11450,109094,120544
Swap Dealer,2017-12-19,1471,107371,105900
Swap Dealer,2017-12-12,14115,105493,91378
Swap Dealer,2017-12-05,-37251,81265,118516
Swap Dealer,2017-11-28,-74193,73812,148005
Swap Dealer,2017-11-21,-49300,76780,126080
Swap Dealer,2017-11-14,-42672,78951,121623
Swap Dealer,2017-11-07,-44107,81913,126020
Swap Dealer,2017-10-31,-36212,85082,121294
Swap Dealer,2017-10-24,-39602,83314,122916
Swap Dealer,2017-10-17,-48366,81350,129716
Swap Dealer,2017-10-10,-57893,79973,137866
Swap Dealer,2017-10-03,-51291,85073,136364
Swap Dealer,2017-09-26,-56526,88401,144927
Swap Dealer,2017-09-19,-77901,82712,160613
Swap Dealer,2017-09-12,-97813,75671,173484
Swap Dealer,2017-09-05,-87967,74976,162943
Swap Dealer,2017-08-29,-75953,74073,150026
Swap Dealer,2017-08-22,-51183,74818,126001
Swap Dealer,2017-08-15,-42124,71922,114046
Swap Dealer,2017-08-08,-16462,74302,90764
Swap Dealer,2017-08-01,-5162,76557,81719
Swap Dealer,2017-07-25,27964,85129,57165
Swap Dealer,2017-07-18,43529,86656,43127
Swap Dealer,2017-07-11,42757,82626,39869
Swap Dealer,2017-07-03,17959,74334,56375
Swap Dealer,2017-06-27,-17178,68320,85498
Swap Dealer,2017-06-20,-23030,66750,89780
Swap Dealer,2017-06-13,-48358,60671,109029
Swap Dealer,2017-06-06,-56013,62103,118116
Swap Dealer,2017-05-30,-35333,56265,91598
Swap Dealer,2017-05-23,-22972,56856,79828
Swap Dealer,2017-05-16,-6622,64361,70983
Swap Dealer,2017-05-09,-17626,61053,78679
Swap Dealer,2017-05-02,-42284,60774,103058
Swap Dealer,2017-04-25,-54545,58937,113482
Swap Dealer,2017-04-18,-62834,55121,117955
Swap Dealer,2017-04-11,-51870,56075,107945
Swap Dealer,2017-04-04,-47682,55977,103659
Swap Dealer,2017-03-28,-40838,56550,97388
Swap Dealer,2017-03-21,-29501,57188,86689
Swap Dealer,2017-03-14,-27800,57616,85416
Swap Dealer,2017-03-07,-52116,57407,109523
Swap Dealer,2017-02-28,-73366,54355,127721
Swap Dealer,2017-02-21,-47530,58691,106221
Swap Dealer,2017-02-14,-39015,60742,99757
Swap Dealer,2017-02-07,-47378,56940,104318
Swap Dealer,2017-01-31,-45612,54925,100537
Swap Dealer,2017-01-24,-40060,56497,96557
Swap Dealer,2017-01-17,-46919,52825,99744
Swap Dealer,2017-01-10,-50509,42023,92532
Swap Dealer,2017-01-03,-39709,46159,85868
Swap Dealer,2016-12-27,-38985,42632,81617
Swap Dealer,2016-12-20,-47716,39588,87304
Swap Dealer,2016-12-13,-64205,30805,95010
Swap Dealer,2016-12-06,-67629,30570,98199
Swap Dealer,2016-11-29,-72487,26769,99256
Swap Dealer,2016-11-22,-91531,23617,115148
Swap Dealer,2016-11-15,-98855,24772,123627
Swap Dealer,2016-11-08,-122475,27989,150464
Swap Dealer,2016-11-01,-123293,33939,157232
Swap Dealer,2016-10-25,-123353,31825,155178
Swap Dealer,2016-10-18,-114335,32998,147333
Swap Dealer,2016-10-11,-124603,32281,156884
Swap Dealer,2016-10-04,-161244,28058,189302
Swap Dealer,2016-09-27,-181781,29065,210846
Swap Dealer,2016-09-20,-167580,31258,198838
Swap Dealer,2016-09-13,-178130,26675,204805
Swap Dealer,2016-09-06,-195851,23709,219560
Swap Dealer,2016-08-30,-179779,30487,210266
Swap Dealer,2016-08-23,-202853,29246,232099
Swap Dealer,2016-08-16,-196583,30519,227102
Swap Dealer,2016-08-09,-199527,29996,229523
Swap Dealer,2016-08-02,-205520,33139,238659
Swap Dealer,2016-07-26,-196790,31963,228753
Swap Dealer,2016-07-19,-208140,33244,241384
Swap Dealer,2016-07-12,-209973,35358,245331
Swap Dealer,2016-07-05,-216794,40562,257356
Swap Dealer,2016-06-28,-198644,38472,237116
Swap Dealer,2016-06-21,-182696,36313,219009
Swap Dealer,2016-06-14,-168466,39890,208356
Swap Dealer,2016-06-07,-140346,40768,181114
Swap Dealer,2016-05-31,-134934,41927,176861
Swap Dealer,2016-05-24,-150792,41372,192164
Swap Dealer,2016-05-17,-165467,47674,213141
Swap Dealer,2016-05-10,-148732,48329,197061
Swap Dealer,2016-05-03,-145924,48080,194004
Swap Dealer,2016-04-26,-112142,48535,160677
Swap Dealer,2016-04-19,-114630,49506,164136
Swap Dealer,2016-04-12,-109428,54870,164298
Swap Dealer,2016-04-05,-95885,51735,147620
Swap Dealer,2016-03-29,-101787,50824,152611
Swap Dealer,2016-03-22,-99083,50967,150050
Swap Dealer,2016-03-15,-87563,52368,139931
Swap Dealer,2016-03-08,-97673,48630,146303
Swap Dealer,2016-03-01,-82557,49410,131967
Swap Dealer,2016-02-23,-83044,47970,131014
Swap Dealer,2016-02-16,-69035,49657,118692
Swap Dealer,2016-02-09,-54782,49177,103959
Swap Dealer,2016-02-02,-29224,46345,75569
Swap Dealer,2016-01-26,-16365,43775,60140
Swap Dealer,2016-01-19,3938,49593,45655
Swap Dealer,2016-01-12,3005,47977,44972
Swap Dealer,2016-01-05,20441,55579,35138
Swap Dealer,2015-12-29,23427,57752,34325
Swap Dealer,2015-12-22,25853,62625,36772
Swap Dealer,2015-12-15,25497,61963,36466
Swap Dealer,2015-12-08,18772,58215,39443
Swap Dealer,2015-12-01,26567,62062,35495
Swap Dealer,2015-11-24,27107,62913,35806
Swap Dealer,2015-11-17,27014,67334,40320
Swap Dealer,2015-11-10,-2228,62492,64720
Swap Dealer,2015-11-03,-32195,57406,89601
Swap Dealer,2015-10-27,-61648,51479,113127
Swap Dealer,2015-10-20,-64906,51362,116268
Swap Dealer,2015-10-13,-41253,56641,97894
Swap Dealer,2015-10-06,-23678,57267,80945
Swap Dealer,2015-09-29,-10472,56416,66888
Swap Dealer,2015-09-22,1079,62724,61645
Swap Dealer,2015-09-15,13043,71016,57973
Swap Dealer,2015-09-08,1412,67319,65907
Swap Dealer,2015-09-01,-4104,69261,73365
Swap Dealer,2015-08-25,3967,75091,71124
Swap Dealer,2015-08-18,17712,83003,65291
Swap Dealer,2015-08-11,22477,83827,61350
Swap Dealer,2015-08-04,28969,86124,57155
Swap Dealer,2015-07-28,28302,84352,56050
Swap Dealer,2015-07-21,24381,85402,61021
Swap Dealer,2015-07-14,3695,80105,76410
Swap Dealer,2015-07-07,2266,80755,78489
Swap Dealer,2015-06-30,-11535,73211,84746
Swap Dealer,2015-06-23,-26572,69093,95665
Swap Dealer,2015-06-16,-21960,72069,94029
Swap Dealer,2015-06-09,-21034,73144,94178
Swap Dealer,2015-06-02,-40592,62967,103559
Swap Dealer,2015-05-26,-41405,60788,102193
Swap Dealer,2015-05-19,-63142,54915,118057
Swap Dealer,2015-05-12,-40124,57331,97455
Swap Dealer,2015-05-05,-40302,58850,99152
Swap Dealer,2015-04-28,-60451,50259,110710
Swap Dealer,2015-04-21,-60365,51026,111391
Swap Dealer,2015-04-14,-51809,53124,104933
Swap Dealer,2015-04-07,-56037,56654,112691
Swap Dealer,2015-03-31,-38985,63232,102217
Swap Dealer,2015-03-24,-30137,64173,94310
Swap Dealer,2015-03-17,-32861,61685,94546
Swap Dealer,2015-03-10,-56410,63982,120392
Swap Dealer,2015-03-03,-74516,60004,134520
Swap Dealer,2015-02-24,-82190,54391,136581
Swap Dealer,2015-02-17,-86937,50532,137469
Swap Dealer,2015-02-10,-112056,47523,159579
Swap Dealer,2015-02-03,-132258,42878,175136
Swap Dealer,2015-01-27,-133204,39746,172950
Swap Dealer,2015-01-20,-113809,37596,151405
Swap Dealer,2015-01-13,-90967,38453,129420
Swap Dealer,2015-01-06,-80454,39979,120433
Swap Dealer,2014-12-30,-75108,40924,116032
Swap Dealer,2014-12-23,-69878,45144,115022
Swap Dealer,2014-12-16,-73010,42601,115611
Swap Dealer,2014-12-09,-79256,42763,122019
Swap Dealer,2014-12-02,-59081,53480,112561
Swap Dealer,2014-11-25,-46266,60878,107144
Swap Dealer,2014-11-18,-37911,63907,101818
Swap Dealer,2014-11-11,-18689,67967,86656
Swap Dealer,2014-11-04,-23031,64600,87631
Swap Dealer,2014-10-28,-56166,49188,105354
Swap Dealer,2014-10-21,-63759,42512,106271
Swap Dealer,2014-10-14,-49782,44462,94244
Swap Dealer,2014-10-07,-35972,50694,86666
Swap Dealer,2014-09-30,-33832,58074,91906
Swap Dealer,2014-09-23,-45530,54054,99584
Swap Dealer,2014-09-16,-56957,50230,107187
Swap Dealer,2014-09-09,-68398,53311,121709
Swap Dealer,2014-09-02,-75818,51234,127052
Swap Dealer,2014-08-26,-94360,47151,141511
Swap Dealer,2014-08-19,-103353,44556,147909
Swap Dealer,2014-08-12,-122543,40214,162757
Swap Dealer,2014-08-05,-97247,44084,141331
Swap Dealer,2014-07-29,-109425,44474,153899
Swap Dealer,2014-07-22,-124122,42046,166168
Swap Dealer,2014-07-15,-121276,40025,161301
Swap Dealer,2014-07-08,-128206,42677,170883
Swap Dealer,2014-07-01,-129422,39326,168748
Swap Dealer,2014-06-24,-118015,39352,157367
Swap Dealer,2014-06-17,-78825,43095,121920
Swap Dealer,2014-06-10,-65690,44196,109886
Swap Dealer,2014-06-03,-66211,43949,110160
Swap Dealer,2014-05-27,-82136,42023,124159
Swap Dealer,2014-05-20,-97773,36397,134170
Swap Dealer,2014-05-13,-99771,41905,141676
Swap Dealer,2014-05-06,-116354,36309,152663
Swap Dealer,2014-04-29,-103387,40306,143693
Swap Dealer,2014-04-22,-102039,40026,142065
Swap Dealer,2014-04-15,-103614,37226,140840
Swap Dealer,2014-04-08,-107589,37748,145337
Swap Dealer,2014-04-01,-116431,36544,152975
Swap Dealer,2014-03-25,-128367,34299,162666
Swap Dealer,2014-03-18,-115699,36749,152448
Swap Dealer,2014-03-11,-108801,36723,145524
Swap Dealer,2014-03-04,-106711,36073,142784
Swap Dealer,2014-02-25,-110259,33235,143494
Swap Dealer,2014-02-18,-96563,35376,131939
Swap Dealer,2014-02-11,-90799,34737,125536
Swap Dealer,2014-02-04,-82818,32520,115338
Swap Dealer,2014-01-28,-78394,34755,113149
Swap Dealer,2014-01-21,-76867,36312,113179
Swap Dealer,2014-01-14,-77835,35737,113572
Swap Dealer,2014-01-07,-72407,35227,107634
Swap Dealer,2013-12-31,-65969,35312,101281
Swap Dealer,2013-12-24,-65300,36626,101926
Swap Dealer,2013-12-17,-66493,38162,104655
Swap Dealer,2013-12-10,-68471,35468,103939
Swap Dealer,2013-12-03,-60241,36432,96673
Swap Dealer,2013-11-26,-60369,39297,99666
Swap Dealer,2013-11-19,-64847,46517,111364
Swap Dealer,2013-11-12,-70558,45232,115790
Swap Dealer,2013-11-05,-92029,36997,129026
Swap Dealer,2013-10-29,-109001,29668,138669
Swap Dealer,2013-10-22,-94019,30571,124590
Swap Dealer,2013-10-15,-80243,35992,116235
Swap Dealer,2013-10-08,-103201,30345,133546
Swap Dealer,2013-10-01,-96238,33913,130151
Swap Dealer,2013-09-24,-91160,35219,126379
Swap Dealer,2013-09-17,-88057,39308,127365
Swap Dealer,2013-09-10,-100921,33211,134132
Swap Dealer,2013-09-03,-109398,30873,140271
Swap Dealer,2013-08-27,-107594,29166,136760
Swap Dealer,2013-08-20,-92756,30768,123524
Swap Dealer,2013-08-13,-81054,35670,116724
Swap Dealer,2013-08-06,-71700,38146,109846
Swap Dealer,2013-07-30,-44436,39621,84057
Swap Dealer,2013-07-23,-47377,37096,84473
Swap Dealer,2013-07-16,-32578,43066,75644
Swap Dealer,2013-07-09,-21454,45273,66727
Swap Dealer,2013-07-02,-24094,41790,65884
Swap Dealer,2013-06-25,-21770,44612,66382
Swap Dealer,2013-06-18,-28731,44389,73120
Swap Dealer,2013-06-11,-34120,43481,77601
Swap Dealer,2013-06-04,-34668,40571,75239
Swap Dealer,2013-05-28,-23111,42194,65305
Swap Dealer,2013-05-21,-35585,42428,78013
Swap Dealer,2013-05-14,-42676,42093,84769
Swap Dealer,2013-05-07,-39088,47696,86784
Swap Dealer,2013-04-30,-40454,43260,83714
Swap Dealer,2013-04-23,-36326,45644,81970
Swap Dealer,2013-04-16,-49926,41350,91276
Swap Dealer,2013-04-09,-58891,41855,100746
Swap Dealer,2013-04-02,-50633,42278,92911
Swap Dealer,2013-03-26,-57082,37699,94781
Swap Dealer,2013-03-19,-55842,39298,95140
Swap Dealer,2013-03-12,-36074,54087,90161
Swap Dealer,2013-03-05,-24055,56497,80552
Swap Dealer,2013-02-26,-26673,54507,81180
Swap Dealer,2013-02-19,-23804,61294,85098
Swap Dealer,2013-02-12,-37014,57710,94724
Swap Dealer,2013-02-05,-45659,52861,98520
Swap Dealer,2013-01-29,-40335,55392,95727
Swap Dealer,2013-01-22,-64623,46129,110752
Swap Dealer,2013-01-15,-57936,50043,107979
Swap Dealer,2013-01-08,-46361,54923,101284
Swap Dealer,2012-12-31,-59445,39446,98891
Swap Dealer,2012-12-24,-53023,39862,92885
Swap Dealer,2012-12-18,-56426,41112,97538
Swap Dealer,2012-12-11,-65018,37817,102835
Swap Dealer,2012-12-04,-50672,41086,91758
Swap Dealer,2012-11-27,-78701,39730,118431
Swap Dealer,2012-11-20,-71633,40069,111702
Swap Dealer,2012-11-13,-68292,38790,107082
Swap Dealer,2012-11-06,-64852,42095,106947
Swap Dealer,2012-10-30,-62747,41128,103875
Swap Dealer,2012-10-23,-68565,39172,107737
Swap Dealer,2012-10-16,-80843,35619,116462
Swap Dealer,2012-10-09,-83925,32479,116404
Swap Dealer,2012-10-02,-86446,32562,119008
Swap Dealer,2012-09-25,-80534,31163,111697
Swap Dealer,2012-09-18,-87395,30498,117893
Swap Dealer,2012-09-11,-67474,30696,98170
Swap Dealer,2012-09-04,-57313,31839,89152
Swap Dealer,2012-08-28,-56177,31591,87768
Swap Dealer,2012-08-21,-38409,34007,72416
Swap Dealer,2012-08-14,-19288,43990,63278
Swap Dealer,2012-08-07,-18438,43253,61691
Swap Dealer,2012-07-31,-15156,45810,60966
Swap Dealer,2012-07-24,4433,54249,49816
Swap Dealer,2012-07-17,2258,54204,51946
Swap Dealer,2012-07-10,2106,52306,50200
Swap Dealer,2012-07-03,-15506,44079,59585
Swap Dealer,2012-06-26,-1563,52454,54017
Swap Dealer,2012-06-19,-19302,48367,67669
Swap Dealer,2012-06-12,-27137,44321,71458
Swap Dealer,2012-06-05,-21962,49248,71210
Swap Dealer,2012-05-29,-2749,50569,53318
Swap Dealer,2012-05-22,-2222,48854,51076
Swap Dealer,2012-05-15,-6161,46222,52383
Swap Dealer,2012-05-08,-20375,43363,63738
Swap Dealer,2012-05-01,-38440,40054,78494
Swap Dealer,2012-04-24,-38179,40550,78729
Swap Dealer,2012-04-17,-39209,40301,79510
Swap Dealer,2012-04-10,-41038,41732,82770
Swap Dealer,2012-04-03,-40008,42259,82267
Swap Dealer,2012-03-27,-40807,39708,80515
Swap Dealer,2012-03-20,-27010,44613,71623
Swap Dealer,2012-03-13,-41232,36241,77473
Swap Dealer,2012-03-06,-43069,33899,76968
Swap Dealer,2012-02-28,-72166,23545,95711
Swap Dealer,2012-02-21,-57590,24253,81843
Swap Dealer,2012-02-14,-47183,24568,71751
Swap Dealer,2012-02-07,-51545,23980,75525
Swap Dealer,2012-01-31,-47474,24175,71649
Swap Dealer,2012-01-24,-23392,38033,61425
Swap Dealer,2012-01-17,-20566,42442,63008
Swap Dealer,2012-01-10,-26038,44445,70483
Swap Dealer,2012-01-03,-17934,49652,67586
Swap Dealer,2011-12-27,-17180,50400,67580
Swap Dealer,2011-12-20,-16411,48683,65094
Swap Dealer,2011-12-13,-27874,39885,67759
Swap Dealer,2011-12-06,-46283,28681,74964
Swap Dealer,2011-11-29,-45270,28949,74219
Swap Dealer,2011-11-22,-46408,28838,75246
Swap Dealer,2011-11-15,-54545,30982,85527
Swap Dealer,2011-11-08,-48302,38142,86444
Swap Dealer,2011-11-01,-34285,43030,77315
Swap Dealer,2011-10-25,-26974,47748,74722
Swap Dealer,2011-10-18,-20167,54309,74476
Swap Dealer,2011-10-11,-27982,53478,81460
Swap Dealer,2011-10-04,-23841,58105,81946
Swap Dealer,2011-09-27,-31418,55270,86688
Swap Dealer,2011-09-20,-60527,45571,106098
Swap Dealer,2011-09-13,-72222,42620,114842
Swap Dealer,2011-09-06,-71915,41256,113171
Swap Dealer,2011-08-30,-72504,38922,111426
Swap Dealer,2011-08-23,-83417,47744,131161
Swap Dealer,2011-08-16,-100380,44820,145200
Swap Dealer,2011-08-09,-100874,51322,152196
Swap Dealer,2011-08-02,-124130,51230,175360
Swap Dealer,2011-07-26,-111073,55086,166159
Swap Dealer,2011-07-19,-117649,59576,177225
Swap Dealer,2011-07-12,-100483,63317,163800
Swap Dealer,2011-07-05,-78340,70471,148811
Swap Dealer,2011-06-28,-78561,72645,151206
Swap Dealer,2011-06-21,-99197,68045,167242
Swap Dealer,2011-06-14,-90623,70470,161093
Swap Dealer,2011-06-07,-95969,70616,166585
Swap Dealer,2011-05-31,-92450,66042,158492
Swap Dealer,2011-05-24,-84356,72233,156589
Swap Dealer,2011-05-17,-75139,75722,150861
Swap Dealer,2011-05-10,-85213,75175,160388
Swap Dealer,2011-05-03,-104757,66490,171247
Swap Dealer,2011-04-26,-112442,66913,179355
Swap Dealer,2011-04-19,-117443,62546,179989
Swap Dealer,2011-04-12,-111880,61567,173447
Swap Dealer,2011-04-05,-118925,60627,179552
Swap Dealer,2011-03-29,-102696,58194,160890
Swap Dealer,2011-03-22,-106745,63614,170359
Swap Dealer,2011-03-15,-105853,63308,169161
Swap Dealer,2011-03-08,-123720,60097,183817
Swap Dealer,2011-03-01,-129526,61598,191124
Swap Dealer,2011-02-22,-119066,62529,181595
Swap Dealer,2011-02-15,-110519,62141,172660
Swap Dealer,2011-02-08,-102994,65668,168662
Swap Dealer,2011-02-01,-87076,70081,157157
Swap Dealer,2011-01-25,-86011,83639,169650
Swap Dealer,2011-01-18,-91907,84739,176646
Swap Dealer,2011-01-11,-94057,86314,180371
Swap Dealer,2011-01-04,-111323,83902,195225
Swap Dealer,2010-12-28,-117486,86067,203553
Swap Dealer,2010-12-21,-113263,88085,201348
Swap Dealer,2010-12-14,-116612,84398,201010
Swap Dealer,2010-12-07,-113945,83914,197859
Swap Dealer,2010-11-30,-115169,84307,199476
Swap Dealer,2010-11-23,-104291,87861,192152
Swap Dealer,2010-11-16,-109414,85244,194658
Swap Dealer,2010-11-09,-104577,86060,190637
Swap Dealer,2010-11-02,-105965,87403,193368
Swap Dealer,2010-10-26,-112025,85250,197275
Swap Dealer,2010-10-19,-118958,84924,203882
Swap Dealer,2010-10-12,-125789,83484,209273
Swap Dealer,2010-10-05,-125903,86807,212710
Swap Dealer,2010-09-28,-129074,86614,215688
Swap Dealer,2010-09-21,-129397,82556,211953
Swap Dealer,2010-09-14,-128002,78939,206941
Swap Dealer,2010-09-07,-120063,81749,201812
Swap Dealer,2010-08-31,-118434,82459,200893
Swap Dealer,2010-08-24,-107285,83884,191169
Swap Dealer,2010-08-17,-100750,82813,183563
Swap Dealer,2010-08-10,-89426,82259,171685
Swap Dealer,2010-08-03,-82258,82843,165101
Swap Dealer,2010-07-27,-74966,85850,160816
Swap Dealer,2010-07-20,-78724,85800,164524
Swap Dealer,2010-07-13,-89475,84332,173807
Swap Dealer,2010-07-06,-87203,86640,173843
Swap Dealer,2010-06-29,-102890,87876,190766
Swap Dealer,2010-06-22,-96426,88232,184658
Swap Dealer,2010-06-15,-88851,86158,175009
Swap Dealer,2010-06-08,-86726,85365,172091
Swap Dealer,2010-06-01,-83914,83945,167859
Swap Dealer,2010-05-25,-82144,79663,161807
Swap Dealer,2010-05-18,-87406,84458,171864
Swap Dealer,2010-05-11,-90187,80670,170857
Swap Dealer,2010-05-04,-103512,68339,171851
Swap Dealer,2010-04-27,-104468,67477,171945
Swap Dealer,2010-04-20,-97458,66086,163544
Swap Dealer,2010-04-13,-107389,62444,169833
Swap Dealer,2010-04-06,-104000,57305,161305
Swap Dealer,2010-03-30,-87748,56691,144439
Swap Dealer,2010-03-23,-102018,43894,145912
Swap Dealer,2010-03-16,-108528,42731,151259
Swap Dealer,2010-03-09,-104352,42802,147154
Swap Dealer,2010-03-02,-101773,40194,141967
Swap Dealer,2010-02-23,-92119,39339,131458
Swap Dealer,2010-02-16,-88020,43117,131137
Swap Dealer,2010-02-09,-75183,48420,123603
Swap Dealer,2010-02-02,-91437,41942,133379
Swap Dealer,2010-01-26,-85218,43862,129080
Swap Dealer,2010-01-19,-97717,41029,138746
Swap Dealer,2010-01-12,-100528,37971,138499
Swap Dealer,2010-01-05,-102490,39309,141799
Swap Dealer,2009-12-29,-102172,38684,140856
Swap Dealer,2009-12-22,-102713,39355,142068
Swap Dealer,2009-12-15,-115904,33827,149731
Swap Dealer,2009-12-08,-112787,35335,148122
Swap Dealer,2009-12-01,-123671,39888,163559
Swap Dealer,2009-11-24,-108978,41308,150286
Swap Dealer,2009-11-17,-113042,38508,151550
Swap Dealer,2009-11-09,-116950,37341,154291
Swap Dealer,2009-11-03,-115688,32796,148484
Swap Dealer,2009-10-27,-113060,31917,144977
Swap Dealer,2009-10-20,-119577,30549,150126
Swap Dealer,2009-10-13,-115971,31472,147443
Swap Dealer,2009-10-06,-111345,29223,140568
Swap Dealer,2009-09-29,-102981,29322,132303
Swap Dealer,2009-09-22,-114167,29950,144117
Swap Dealer,2009-09-15,-109481,30179,139660
Swap Dealer,2009-09-08,-96528,32242,128770
Swap Dealer,2009-09-01,-87468,31942,119410
Swap Dealer,2009-08-25,-66996,32145,99141
Swap Dealer,2009-08-18,-63473,31219,94692
Swap Dealer,2009-08-11,-69708,30934,100642
Swap Dealer,2009-08-04,-76832,29561,106393
Swap Dealer,2009-07-28,-52653,32885,85538
Swap Dealer,2009-07-21,-59579,32290,91869
Swap Dealer,2009-07-14,-38212,35152,73364
Swap Dealer,2009-07-07,-40209,34196,74405
Swap Dealer,2009-06-30,-43481,31769,75250
Swap Dealer,2009-06-23,-43927,30091,74018
Swap Dealer,2009-06-16,-50946,27722,78668
Swap Dealer,2009-06-09,-60357,26042,86399
Swap Dealer,2009-06-02,-62794,25008,87802
Swap Dealer,2009-05-26,-54992,28093,83085
Swap Dealer,2009-05-19,-56311,23424,79735
Swap Dealer,2009-05-12,-50476,23398,73874
Swap Dealer,2009-05-05,-45027,26120,71147
Swap Dealer,2009-04-28,-42465,26131,68596
Swap Dealer,2009-04-21,-37687,28071,65758
Swap Dealer,2009-04-14,-42737,26804,69541
Swap Dealer,2009-04-07,-38858,29564,68422
Swap Dealer,2009-03-31,-45101,25564,70665
Swap Dealer,2009-03-24,-38886,30771,69657
Swap Dealer,2009-03-17,-33466,35983,69449
Swap Dealer,2009-03-10,-23875,38430,62305
Swap Dealer,2009-03-03,-33689,37237,70926
Swap Dealer,2009-02-24,-39048,34594,73642
Swap Dealer,2009-02-17,-46879,29086,75965
Swap Dealer,2009-02-10,-41709,32717,74426
Swap Dealer,2009-02-03,-39257,34444,73701
Swap Dealer,2009-01-27,-31803,36138,67941
Swap Dealer,2009-01-20,-30080,35468,65548
Swap Dealer,2009-01-13,-30423,31994,62417
Swap Dealer,2009-01-06,-37914,32264,70178
Swap Dealer,2008-12-30,-40708,27775,68483
Swap Dealer,2008-12-22,-37966,27254,65220
Swap Dealer,2008-12-16,-29175,27787,56962
Swap Dealer,2008-12-09,-12880,33605,46485
Swap Dealer,2008-12-02,-10751,34793,45544
Swap Dealer,2008-11-25,-14750,31418,46168
Swap Dealer,2008-11-18,-1376,41357,42733
Swap Dealer,2008-11-11,-974,46550,47524
Swap Dealer,2008-11-04,-16449,43622,60071
Swap Dealer,2008-10-28,-19805,43959,63764
Swap Dealer,2008-10-21,-29053,42556,71609
Swap Dealer,2008-10-14,-42742,35205,77947
Swap Dealer,2008-10-07,-55596,31036,86632
Swap Dealer,2008-09-30,-60637,28909,89546
Swap Dealer,2008-09-23,-65677,23911,89588
Swap Dealer,2008-09-16,-60615,32609,93224
Swap Dealer,2008-09-09,-43735,49100,92835
Swap Dealer,2008-09-02,-53774,42586,96360
Swap Dealer,2008-08-26,-60911,39228,100139
Swap Dealer,2008-08-19,-56727,41820,98547
Swap Dealer,2008-08-12,-66051,35974,102025
Swap Dealer,2008-08-05,-73397,32223,105620
Swap Dealer,2008-07-29,-84748,27231,111979
Swap Dealer,2008-07-22,-88897,31091,119988
Swap Dealer,2008-07-15,-97740,31916,129656
Swap Dealer,2008-07-08,-92567,32333,124900
Swap Dealer,2008-07-01,-94601,33563,128164
Swap Dealer,2008-06-24,-69391,40310,109701
Swap Dealer,2008-06-17,-62667,38689,101356
Swap Dealer,2008-06-10,-54828,43541,98369
Swap Dealer,2008-06-03,-59856,37908,97764
Swap Dealer,2008-05-27,-68387,34913,103300
Swap Dealer,2008-05-20,-61441,37257,98698
Swap Dealer,2008-05-13,-42652,46159,88811
Swap Dealer,2008-05-06,-48264,44593,92857
Swap Dealer,2008-04-29,-48979,44257,93236
Swap Dealer,2008-04-22,-58081,41385,99466
Swap Dealer,2008-04-15,-62796,40657,103453
Swap Dealer,2008-04-08,-62281,38220,100501
Swap Dealer,2008-04-01,-62442,38730,101172
Swap Dealer,2008-03-25,-69580,37011,106591
Swap Dealer,2008-03-18,-66538,45261,111799
Swap Dealer,2008-03-11,-82505,38864,121369
Swap Dealer,2008-03-04,-84838,39735,124573
Swap Dealer,2008-02-26,-91150,37253,128403
Swap Dealer,2008-02-19,-91289,35124,126413
Swap Dealer,2008-02-12,-92188,34142,126330
Swap Dealer,2008-02-05,-91318,33315,124633
Swap Dealer,2008-01-29,-79830,32484,112314
Swap Dealer,2008-01-22,-76123,34662,110785
Swap Dealer,2008-01-15,-72415,34015,106430
Swap Dealer,2008-01-08,-73959,31687,105646
Swap Dealer,2007-12-31,-61544,30166,91710
Swap Dealer,2007-12-24,-52158,31745,83903
Swap Dealer,2007-12-18,-49110,28477,77587
Swap Dealer,2007-12-11,-50325,30515,80840
Swap Dealer,2007-12-04,-39683,30319,70002
Swap Dealer,2007-11-27,-32261,32881,65142
Swap Dealer,2007-11-20,-41622,26004,67626
Swap Dealer,2007-11-13,-52540,29219,81759
Swap Dealer,2007-11-06,-62153,30846,92999
Swap Dealer,2007-10-30,-67460,32065,99525
Swap Dealer,2007-10-23,-71859,27943,99802
Swap Dealer,2007-10-16,-79908,24640,104548
Swap Dealer,2007-10-09,-71786,25522,97308
Swap Dealer,2007-10-02,-70531,28406,98937
Swap Dealer,2007-09-25,-76196,28160,104356
Swap Dealer,2007-09-18,-64464,31102,95566
Swap Dealer,2007-09-11,-57878,29456,87334
Swap Dealer,2007-09-04,-48374,27118,75492
Swap Dealer,2007-08-28,-33919,34051,67970
Swap Dealer,2007-08-21,-33647,36508,70155
Swap Dealer,2007-08-14,-49884,32804,82688
Swap Dealer,2007-08-07,-48790,34549,83339
Swap Dealer,2007-07-31,-40610,35442,76052
Swap Dealer,2007-07-24,-71378,29235,100613
Swap Dealer,2007-07-17,-38951,40923,79874
Swap Dealer,2007-07-10,-35064,45292,80356
Swap Dealer,2007-07-03,-25814,48544,74358
Swap Dealer,2007-06-26,-24787,52049,76836
Swap Dealer,2007-06-19,-47522,47510,95032
Swap Dealer,2007-06-12,-34339,51723,86062
Swap Dealer,2007-06-05,-51015,44382,95397
Swap Dealer,2007-05-29,-41605,46864,88469
Swap Dealer,2007-05-22,-45616,44438,90054
Swap Dealer,2007-05-15,-57039,37964,95003
Swap Dealer,2007-05-08,-58339,34764,93103
Swap Dealer,2007-05-01,-52587,37018,89605
Swap Dealer,2007-04-24,-60745,33311,94056
Swap Dealer,2007-04-17,-67918,30180,98098
Swap Dealer,2007-04-10,-56446,30740,87186
Swap Dealer,2007-04-03,-51177,31909,83086
Swap Dealer,2007-03-27,-49740,32372,82112
Swap Dealer,2007-03-20,-42723,35305,78028
Swap Dealer,2007-03-13,-43319,33638,76957
Swap Dealer,2007-03-06,-45949,33223,79172
Swap Dealer,2007-02-27,-65866,26700,92566
Swap Dealer,2007-02-20,-59785,27507,87292
Swap Dealer,2007-02-13,-61512,25859,87371
Swap Dealer,2007-02-06,-51654,26714,78368
Swap Dealer,2007-01-30,-51419,26517,77936
Swap Dealer,2007-01-23,-47077,26441,73518
Swap Dealer,2007-01-16,-30793,30226,61019
Swap Dealer,2007-01-09,-19271,37098,56369
Swap Dealer,2007-01-03,-33703,31482,65185
Swap Dealer,2006-12-26,-29950,33014,62964
Swap Dealer,2006-12-19,-29007,32664,61671
Swap Dealer,2006-12-12,-37419,27470,64889
Swap Dealer,2006-12-05,-43792,22467,66259
Swap Dealer,2006-11-28,-44024,22103,66127
Swap Dealer,2006-11-21,-40291,24292,64583
Swap Dealer,2006-11-14,-43385,23369,66754
Swap Dealer,2006-11-07,-40072,24643,64715
Swap Dealer,2006-10-31,-30328,28865,59193
Swap Dealer,2006-10-24,-24285,29711,53996
Swap Dealer,2006-10-17,-23185,33807,56992
Swap Dealer,2006-10-10,-17748,38669,56417
Swap Dealer,2006-10-03,-24296,35907,60203
Swap Dealer,2006-09-26,-25995,33963,59958
Swap Dealer,2006-09-19,-22962,36876,59838
Swap Dealer,2006-09-12,-26524,33464,59988
Swap Dealer,2006-09-05,-43535,23579,67114
Swap Dealer,2006-08-29,-31973,27971,59944
Swap Dealer,2006-08-22,-40480,22442,62922
Swap Dealer,2006-08-15,-45714,20326,66040
Swap Dealer,2006-08-08,-51358,20703,72061
Swap Dealer,2006-08-01,-51994,21250,73244
Swap Dealer,2006-07-25,-62648,22956,85604
Swap Dealer,2006-07-18,-61502,21681,83183
Swap Dealer,2006-07-11,-57377,21840,79217
Swap Dealer,2006-07-03,-46994,22720,69714
Swap Dealer,2006-06-27,-40215,22425,62640
Swap Dealer,2006-06-20,-42278,22404,64682
Swap Dealer,2006-06-13,-47241,19370,66611
Managed Money,2024-10-08,226283,244756,18473
Managed Money,2024-10-01,248960,267477,18517
Managed Money,2024-09-24,254841,282912,28071
Managed Money,2024-09-17,252628,273295,20667
Managed Money,2024-09-10,226709,246214,19505
Managed Money,2024-09-03,226590,242861,16271
Managed Money,2024-08-27,236818,251097,14279
Managed Money,2024-08-20,236749,251519,14770
Managed Money,2024-08-13,219672,232909,13237
Managed Money,2024-08-06,185474,203726,18252
Managed Money,2024-07-30,188909,211608,22699
Managed Money,2024-07-23,198444,222626,24182
Managed Money,2024-07-16,220359,241474,21115
Managed Money,2024-07-09,191603,209035,17432
Managed Money,2024-06-25,184710,197885,13175
Managed Money,2024-06-18,189533,200892,11359
Managed Money,2024-06-11,177549,189290,11741
Managed Money,2024-06-04,180761,197278,16517
Managed Money,2024-05-28,179221,201329,22108
Managed Money,2024-05-21,193972,218347,24375
Managed Money,2024-05-14,172942,199507,26565
Managed Money,2024-05-07,163132,189194,26062
Managed Money,2024-04-30,167139,192173,25034
Managed Money,2024-04-23,176157,200127,23970
Managed Money,2024-04-16,172861,198276,25415
Managed Money,2024-04-09,179142,208634,29492
Managed Money,2024-04-02,178213,204477,26264
Managed Money,2024-03-26,157720,183265,25545
Managed Money,2024-03-19,157467,186681,29214
Managed Money,2024-03-12,159560,190374,30814
Managed Money,2024-03-05,131060,164640,33580
Managed Money,2024-02-27,68042,115043,47001
Managed Money,2024-02-20,64348,110087,45739
Managed Money,2024-02-13,46400,109364,62964
Managed Money,2024-02-06,82591,127187,44596
Managed Money,2024-01-30,71976,122948,50972
Managed Money,2024-01-23,76615,124608,47993
Managed Money,2024-01-16,100634,146608,45974
Managed Money,2024-01-09,106288,150474,44186
Managed Money,2024-01-02,137516,179464,41948
Managed Money,2023-12-26,135507,178676,43169
Managed Money,2023-12-19,131749,177020,45271
Managed Money,2023-12-12,111384,161389,50005
Managed Money,2023-12-05,132515,181959,49444
Managed Money,2023-11-28,144410,197628,53218
Managed Money,2023-11-21,114894,173351,58457
Managed Money,2023-11-14,92660,154466,61806
Managed Money,2023-11-07,105236,160609,55373
Managed Money,2023-10-31,106343,164939,58596
Managed Money,2023-10-24,90682,151431,60749
Managed Money,2023-10-17,41867,124065,82198
Managed Money,2023-10-10,-14788,102359,117147
Managed Money,2023-10-03,-3004,103165,106169
Managed Money,2023-09-26,35644,124420,88776
Managed Money,2023-09-19,66639,136376,69737
Managed Money,2023-09-12,49796,130952,81156
Managed Money,2023-09-05,66340,134439,68099
Managed Money,2023-08-29,58134,138044,79910
Managed Money,2023-08-22,25695,115766,90071
Managed Money,2023-08-15,46540,124926,78386
Managed Money,2023-08-08,75582,127251,51669
Managed Money,2023-08-01,99337,139967,40630
Managed Money,2023-07-25,116291,150118,33827
Managed Money,2023-07-18,135907,166750,30843
Managed Money,2023-07-11,100619,140681,40062
Managed Money,2023-07-03,99205,137499,38294
Managed Money,2023-06-27,86472,122450,35978
Managed Money,2023-06-20,94626,128005,33379
Managed Money,2023-06-13,93304,126927,33623
Managed Money,2023-06-06,114165,141286,27121
Managed Money,2023-05-30,107853,142504,34651
Managed Money,2023-05-23,117390,148165,30775
Managed Money,2023-05-16,131789,162666,30877
Managed Money,2023-05-09,146626,172938,26312
Managed Money,2023-05-02,147816,172032,24216
Managed Money,2023-04-25,133174,159461,26287
Managed Money,2023-04-18,134253,164063,29810
Managed Money,2023-04-11,137563,161859,24296
Managed Money,2023-04-04,144986,171969,26983
Managed Money,2023-03-28,130314,159971,29657
Managed Money,2023-03-21,106955,146318,39363
Managed Money,2023-03-14,85362,140846,55484
Managed Money,2023-03-07,24106,114511,90405
Managed Money,2023-02-28,39908,113296,73388
Managed Money,2023-02-21,52457,119178,66721
Managed Money,2023-02-14,57353,122037,64684
Managed Money,2023-02-07,78839,133354,54515
Managed Money,2023-01-31,111540,161672,50132
Managed Money,2023-01-24,106631,157363,50732
Managed Money,2023-01-17,93357,145586,52229
Managed Money,2023-01-10,82574,136643,54069
Managed Money,2023-01-03,72805,127360,54555
Managed Money,2022-12-27,67332,123337,56005
Managed Money,2022-12-20,58452,124021,65569
Managed Money,2022-12-13,56554,122652,66098
Managed Money,2022-12-06,37618,108196,70578
Managed Money,2022-11-29,28009,102096,74087
Managed Money,2022-11-22,31919,104948,73029
Managed Money,2022-11-15,40726,111455,70729
Managed Money,2022-11-08,-8219,97196,105415
Managed Money,2022-11-01,-38878,82503,121381
Managed Money,2022-10-25,-33134,78647,111781
Managed Money,2022-10-18,-20633,80501,101134
Managed Money,2022-10-11,1290,86676,85386
Managed Money,2022-10-04,4941,95180,90239
Managed Money,2022-09-27,-41300,78540,119840
Managed Money,2022-09-20,-32966,84887,117853
Managed Money,2022-09-13,-10132,90604,100736
Managed Money,2022-09-06,1217,96271,95054
Managed Money,2022-08-30,20726,102925,82199
Managed Money,2022-08-23,30326,106957,76631
Managed Money,2022-08-16,46236,108673,62437
Managed Money,2022-08-09,52797,112364,59567
Managed Money,2022-08-02,27899,109004,81105
Managed Money,2022-07-26,-10474,102073,112547
Managed Money,2022-07-19,-9721,98266,107987
Managed Money,2022-07-12,2748,99643,96895
Managed Money,2022-07-05,26806,113448,86642
Managed Money,2022-06-28,46637,121681,75044
Managed Money,2022-06-21,61816,125213,63397
Managed Money,2022-06-14,49561,121509,71948
Managed Money,2022-06-07,69768,128491,58723
Managed Money,2022-05-31,62668,125749,63081
Managed Money,2022-05-24,77493,136718,59225
Managed Money,2022-05-17,54569,125823,71254
Managed Money,2022-05-10,73891,135560,61669
Managed Money,2022-05-03,82936,144193,61257
Managed Money,2022-04-26,99443,156528,57085
Managed Money,2022-04-19,124967,180607,55640
Managed Money,2022-04-12,144664,193192,48528
Managed Money,2022-04-05,122671,170238,47567
Managed Money,2022-03-29,130126,168816,38690
Managed Money,2022-03-22,133992,171321,37329
Managed Money,2022-03-15,147501,186305,38804
Managed Money,2022-03-08,175694,213714,38020
Managed Money,2022-03-01,168103,207420,39317
Managed Money,2022-02-22,160982,203121,42139
Managed Money,2022-02-15,125646,169548,43902
Managed Money,2022-02-08,84889,135187,50298
Managed Money,2022-02-01,62548,122443,59895
Managed Money,2022-01-25,117708,158663,40955
Managed Money,2022-01-18,84539,134572,50033
Managed Money,2022-01-11,87859,134492,46633
Managed Money,2022-01-04,94942,140082,45140
Managed Money,2021-12-28,98835,146045,47210
Managed Money,2021-12-21,84591,137823,53232
Managed Money,2021-12-14,75490,134609,59119
Managed Money,2021-12-07,93422,138890,45468
Managed Money,2021-11-30,104992,151177,46185
Managed Money,2021-11-23,118729,166186,47457
Managed Money,2021-11-16,164043,208350,44307
Managed Money,2021-11-09,146319,190015,43696
Managed Money,2021-11-02,98888,151761,52873
Managed Money,2021-10-26,101251,157179,55928
Managed Money,2021-10-19,69281,136452,67171
Managed Money,2021-10-12,69817,143474,73657
Managed Money,2021-10-05,67841,140590,72749
Managed Money,2021-09-28,42123,130182,88059
Managed Money,2021-09-21,61594,133328,71734
Managed Money,2021-09-14,87395,146962,59567
Managed Money,2021-09-07,83540,144717,61177
Managed Money,2021-08-31,98865,154196,55331
Managed Money,2021-08-24,94592,145672,51080
Managed Money,2021-08-17,77649,134286,56637
Managed Money,2021-08-10,51013,123203,72190
Managed Money,2021-08-03,89873,132920,43047
Managed Money,2021-07-27,105811,147238,41427
Managed Money,2021-07-20,108815,152783,43968
Managed Money,2021-07-13,102989,152954,49965
Managed Money,2021-07-06,93004,146582,53578
Managed Money,2021-06-29,72516,126807,54291
Managed Money,2021-06-22,76163,123605,47442
Managed Money,2021-06-08,127064,163629,36565
Managed Money,2021-06-01,129846,166478,36632
Managed Money,2021-05-25,126903,162961,36058
Managed Money,2021-05-18,106896,156180,49284
Managed Money,2021-05-11,95585,145630,50045
Managed Money,2021-05-04,66133,130153,64020
Managed Money,2021-04-27,63154,130103,66949
Managed Money,2021-04-20,69300,130031,60731
Managed Money,2021-04-13,64766,123366,58600
Managed Money,2021-04-06,77406,132975,55569
Managed Money,2021-03-30,50463,120028,69565
Managed Money,2021-03-23,56010,118849,62839
Managed Money,2021-03-16,54741,112484,57743
Managed Money,2021-03-09,41896,106612,64716
Managed Money,2021-03-02,57856,117309,59453
Managed Money,2021-02-23,83395,140353,56958
Managed Money,2021-02-16,83581,140896,57315
Managed Money,2021-02-09,105851,153346,47495
Managed Money,2021-02-02,105841,155639,49798
Managed Money,2021-01-26,115716,162560,46844
Managed Money,2021-01-19,104996,153840,48844
Managed Money,2021-01-12,105270,158862,53592
Managed Money,2021-01-05,152129,202837,50708
Managed Money,2020-12-29,136861,187906,51045
Managed Money,2020-12-21,137197,187038,49841
Managed Money,2020-12-15,127828,177883,50055
Managed Money,2020-12-08,126737,175518,48781
Managed Money,2020-12-01,107653,157094,49441
Managed Money,2020-11-24,104679,156962,52283
Managed Money,2020-11-17,122461,170334,47873
Managed Money,2020-11-10,110957,161790,50833
Managed Money,2020-11-03,121951,172454,50503
Managed Money,2020-10-27,131609,179925,48316
Managed Money,2020-10-20,135311,185578,50267
Managed Money,2020-10-13,119823,173108,53285
Managed Money,2020-10-06,131009,175165,44156
Managed Money,2020-09-29,128953,174793,45840
Managed Money,2020-09-22,131089,178619,47530
Managed Money,2020-09-15,165251,206780,41529
Managed Money,2020-09-08,154629,193812,39183
Managed Money,2020-09-01,151021,189256,38235
Managed Money,2020-08-25,138339,178087,39748
Managed Money,2020-08-18,155274,194412,39138
Managed Money,2020-08-11,150129,194563,44434
Managed Money,2020-08-04,173473,215216,41743
Managed Money,2020-07-28,174510,211455,36945
Managed Money,2020-07-21,184127,223340,39213
Managed Money,2020-07-14,177327,218870,41543
Managed Money,2020-07-07,181528,221148,39620
Managed Money,2020-06-30,180001,213528,33527
Managed Money,2020-06-23,175664,205519,29855
Managed Money,2020-06-16,143070,173656,30586
Managed Money,2020-06-09,127305,162442,35137
Managed Money,2020-06-02,136568,169015,32447
Managed Money,2020-05-26,148915,180977,32062
Managed Money,2020-05-19,173277,197798,24521
Managed Money,2020-05-12,160973,181585,20612
Managed Money,2020-05-05,171816,180111,8295
Managed Money,2020-04-28,184067,190484,6417
Managed Money,2020-04-21,179588,187257,7669
Managed Money,2020-04-14,198565,204540,5975
Managed Money,2020-04-07,188925,191989,3064
Managed Money,2020-03-31,178056,181229,3173
Managed Money,2020-03-24,199688,201878,2190
Managed Money,2020-03-17,177470,187543,10073
Managed Money,2020-03-10,258458,270955,12497
Managed Money,2020-03-03,268676,293813,25137
Managed Money,2020-02-25,284972,313751,28779
Managed Money,2020-02-18,284206,320394,36188
Managed Money,2020-02-11,229369,262135,32766
Managed Money,2020-02-04,211493,251743,40250
Managed Money,2020-01-28,257634,289525,31891
Managed Money,2020-01-21,259190,288676,29486
Managed Money,2020-01-14,262335,290193,27858
Managed Money,2020-01-07,272302,299814,27512
Managed Money,2019-12-31,263170,286427,23257
Managed Money,2019-12-24,242919,266196,23277
Managed Money,2019-12-17,219268,243469,24201
Managed Money,2019-12-10,197454,224914,27460
Managed Money,2019-12-03,226855,249390,22535
Managed Money,2019-11-26,205634,228971,23337
Managed Money,2019-11-19,225688,248776,23088
Managed Money,2019-11-12,200312,229468,29156
Managed Money,2019-11-05,230484,261595,31111
Managed Money,2019-10-29,233101,260056,26955
Managed Money,2019-10-22,225930,248576,22646
Managed Money,2019-10-15,219753,245189,25436
Managed Money,2019-10-08,249632,268591,18959
Managed Money,2019-10-01,235174,254412,19238
Managed Money,2019-09-24,292066,308857,16791
Managed Money,2019-09-17,261878,278969,17091
Managed Money,2019-09-10,247728,271006,23278
Managed Money,2019-09-03,290709,312286,21577
Managed Money,2019-08-27,287851,310219,22368
Managed Money,2019-08-20,285090,302312,17222
Managed Money,2019-08-13,277968,298756,20788
Managed Money,2019-08-06,285082,305302,20220
Managed Money,2019-07-30,231365,257903,26538
Managed Money,2019-07-23,217517,245590,28073
Managed Money,2019-07-16,219888,248138,28250
Managed Money,2019-07-09,217142,241396,24254
Managed Money,2019-07-02,241163,258490,17327
Managed Money,2019-06-25,229664,255572,25908
Managed Money,2019-06-18,189681,216650,26969
Managed Money,2019-06-11,156718,186856,30138
Managed Money,2019-06-04,117915,174233,56318
Managed Money,2019-05-28,33134,125944,92810
Managed Money,2019-05-21,24378,120279,95901
Managed Money,2019-05-14,65922,149824,83902
Managed Money,2019-05-07,19721,112265,92544
Managed Money,2019-04-30,10440,103660,93220
Managed Money,2019-04-23,-22328,91734,114062
Managed Money,2019-04-16,-3969,101949,105918
Managed Money,2019-04-09,55737,133045,77308
Managed Money,2019-04-02,39158,122356,83198
Managed Money,2019-03-26,79757,153684,73927
Managed Money,2019-03-19,57746,144750,87004
Managed Money,2019-03-12,41774,140494,98720
Managed Money,2019-03-05,47872,135378,87506
Managed Money,2019-02-26,104230,176535,72305
Managed Money,2019-02-19,108711,187298,78587
Managed Money,2019-02-12,64494,150680,86186
Managed Money,2019-02-05,66532,153563,87031
Managed Money,2019-01-29,55804,147031,91227
Managed Money,2019-01-22,34099,121311,87212
Managed Money,2019-01-15,43806,132256,88450
Managed Money,2019-01-08,49948,127650,77702
Managed Money,2018-12-31,72711,141965,69254
Managed Money,2018-12-24,56949,132126,75177
Managed Money,2018-12-18,24569,112974,88405
Managed Money,2018-12-11,10252,98251,87999
Managed Money,2018-12-04,-1539,106077,107616
Managed Money,2018-11-27,-51828,86219,138047
Managed Money,2018-11-20,-43364,91096,134460
Managed Money,2018-11-13,-70864,83109,153973
Managed Money,2018-11-06,-37486,91674,129160
Managed Money,2018-10-30,-45622,89265,134887
Managed Money,2018-10-23,-26899,109469,136368
Managed Money,2018-10-16,-37372,107401,144773
Managed Money,2018-10-09,-103009,86777,189786
Managed Money,2018-10-02,-73128,107323,180451
Managed Money,2018-09-25,-77313,104718,182031
Managed Money,2018-09-18,-74390,103764,178154
Managed Money,2018-09-11,-71425,103747,175172
Managed Money,2018-09-04,-78918,105397,184315
Managed Money,2018-08-28,-69453,113983,183436
Managed Money,2018-08-21,-78579,111920,190499
Managed Money,2018-08-14,-77273,110480,187753
Managed Money,2018-08-07,-63282,107098,170380
Managed Money,2018-07-31,-41087,112509,153596
Managed Money,2018-07-24,-27156,114944,142100
Managed Money,2018-07-17,-22155,109660,131815
Managed Money,2018-07-10,3230,110982,107752
Managed Money,2018-07-03,4291,109569,105278
Managed Money,2018-06-26,4186,99685,95499
Managed Money,2018-06-19,23514,98432,74918
Managed Money,2018-06-12,64572,111367,46795
Managed Money,2018-06-05,58066,107178,49112
Managed Money,2018-05-29,61235,113702,52467
Managed Money,2018-05-22,27527,94527,67000
Managed Money,2018-05-15,31327,107133,75806
Managed Money,2018-05-08,52621,118003,65382
Managed Money,2018-05-01,51985,128474,76489
Managed Money,2018-04-24,114363,157977,43614
Managed Money,2018-04-17,143594,171740,28146
Managed Money,2018-04-10,138212,169368,31156
Managed Money,2018-04-03,137849,166991,29142
Managed Money,2018-03-27,172834,193929,21095
Managed Money,2018-03-20,121838,153674,31836
Managed Money,2018-03-13,145659,171295,25636
Managed Money,2018-03-06,161812,184499,22687
Managed Money,2018-02-27,157634,184462,26828
Managed Money,2018-02-20,187318,200662,13344
Managed Money,2018-02-13,179711,195737,16026
Managed Money,2018-02-06,191426,215397,23971
Managed Money,2018-01-30,214595,237876,23281
Managed Money,2018-01-23,211829,236333,24504
Managed Money,2018-01-16,203967,229913,25946
Managed Money,2018-01-09,198040,217821,19781
Managed Money,2018-01-02,152650,171939,19289
Managed Money,2017-12-26,109919,130693,20774
Managed Money,2017-12-19,87076,119104,32028
Managed Money,2017-12-12,80453,124217,43764
Managed Money,2017-12-05,139947,170671,30724
Managed Money,2017-11-28,204204,214195,9991
Managed Money,2017-11-21,177066,191443,14377
Managed Money,2017-11-14,181010,196188,15178
Managed Money,2017-11-07,173562,190188,16626
Managed Money,2017-10-31,166535,182896,16361
Managed Money,2017-10-24,173043,195159,22116
Managed Money,2017-10-17,175011,201340,26329
Managed Money,2017-10-10,180542,202233,21691
Managed Money,2017-10-03,185788,208107,22319
Managed Money,2017-09-26,204731,227673,22942
Managed Money,2017-09-19,242650,258087,15437
Managed Money,2017-09-12,264934,278311,13377
Managed Money,2017-09-05,249588,262633,13045
Managed Money,2017-08-29,231896,244971,13075
Managed Money,2017-08-22,196331,209547,13216
Managed Money,2017-08-15,179537,196453,16916
Managed Money,2017-08-08,138566,167068,28502
Managed Money,2017-08-01,122773,163695,40922
Managed Money,2017-07-25,75048,139571,64523
Managed Money,2017-07-18,28820,128121,99301
Managed Money,2017-07-11,27100,122824,95724
Managed Money,2017-07-03,37776,131097,93321
Managed Money,2017-06-27,76732,147874,71142
Managed Money,2017-06-20,105357,170369,65012
Managed Money,2017-06-13,155037,220196,65159
Managed Money,2017-06-06,174658,236038,61380
Managed Money,2017-05-30,131572,181140,49568
Managed Money,2017-05-23,117661,167181,49520
Managed Money,2017-05-16,69923,132485,62562
Managed Money,2017-05-09,99920,149372,49452
Managed Money,2017-05-02,148432,197861,49429
Managed Money,2017-04-25,165281,209290,44009
Managed Money,2017-04-18,161263,202114,40851
Managed Money,2017-04-11,140407,183591,43184
Managed Money,2017-04-04,115605,167764,52159
Managed Money,2017-03-28,99150,156448,57298
Managed Money,2017-03-21,65971,137976,72005
Managed Money,2017-03-14,49835,120289,70454
Managed Money,2017-03-07,93893,154355,60462
Managed Money,2017-02-28,121720,173523,51803
Managed Money,2017-02-21,82464,145115,62651
Managed Money,2017-02-14,67982,138099,70117
Managed Money,2017-02-07,75727,146783,71056
Managed Money,2017-01-31,72067,142567,70500
Managed Money,2017-01-24,59679,136284,76605
Managed Money,2017-01-17,59936,143408,83472
Managed Money,2017-01-10,54399,135216,80817
Managed Money,2017-01-03,34560,126891,92331
Managed Money,2016-12-27,41247,129215,87968
Managed Money,2016-12-20,53911,135232,81321
Managed Money,2016-12-13,68905,145455,76550
Managed Money,2016-12-06,80814,149368,68554
Managed Money,2016-11-29,103392,159758,56366
Managed Money,2016-11-22,121235,170982,49747
Managed Money,2016-11-15,132064,175336,43272
Managed Money,2016-11-08,176374,212887,36513
Managed Money,2016-11-01,172532,208471,35939
Managed Money,2016-10-25,151807,200568,48761
Managed Money,2016-10-18,137260,189243,51983
Managed Money,2016-10-11,153776,201353,47577
Managed Money,2016-10-04,205176,244662,39486
Managed Money,2016-09-27,261892,286710,24818
Managed Money,2016-09-20,219134,248089,28955
Managed Money,2016-09-13,248858,274579,25721
Managed Money,2016-09-06,278994,301769,22775
Managed Money,2016-08-30,238152,269964,31812
Managed Money,2016-08-23,264954,289936,24982
Managed Money,2016-08-16,253676,283303,29627
Managed Money,2016-08-09,255773,287090,31317
Managed Money,2016-08-02,267289,297024,29735
Managed Money,2016-07-26,256930,284772,27842
Managed Money,2016-07-19,264498,293879,29381
Managed Money,2016-07-12,271529,303991,32462
Managed Money,2016-07-05,286921,315643,28722
Managed Money,2016-06-28,273179,297407,24228
Managed Money,2016-06-21,256898,279379,22481
Managed Money,2016-06-14,240862,267663,26801
Managed Money,2016-06-07,186562,219813,33251
Managed Money,2016-05-31,155776,196117,40341
Managed Money,2016-05-24,169491,211311,41820
Managed Money,2016-05-17,227651,256529,28878
Managed Money,2016-05-10,225884,256187,30303
Managed Money,2016-05-03,233638,258045,24407
Managed Money,2016-04-26,184087,215149,31062
Managed Money,2016-04-19,188030,219307,31277
Managed Money,2016-04-12,184218,214349,30131
Managed Money,2016-04-05,163589,194839,31250
Managed Money,2016-03-29,164946,193139,28193
Managed Money,2016-03-22,161610,187143,25533
Managed Money,2016-03-15,146805,171675,24870
Managed Money,2016-03-08,148266,178673,30407
Managed Money,2016-03-01,122539,150481,27942
Managed Money,2016-02-23,123566,152715,29149
Managed Money,2016-02-16,93934,135407,41473
Managed Money,2016-02-09,72912,130180,57268
Managed Money,2016-02-02,35620,106429,70809
Managed Money,2016-01-26,23849,102247,78398
Managed Money,2016-01-19,1934,86795,84861
Managed Money,2016-01-12,902,85795,84893
Managed Money,2016-01-05,-13577,81837,95414
Managed Money,2015-12-29,-24263,78757,103020
Managed Money,2015-12-22,-14902,83508,98410
Managed Money,2015-12-15,-21881,88430,110311
Managed Money,2015-12-08,-14089,95488,109577
Managed Money,2015-12-01,-17949,92791,110740
Managed Money,2015-11-24,-14655,93941,108596
Managed Money,2015-11-17,-8989,92318,101307
Managed Money,2015-11-10,21530,93566,72036
Managed Money,2015-11-03,72075,119073,46998
Managed Money,2015-10-27,120645,152588,31943
Managed Money,2015-10-20,121804,159450,37646
Managed Money,2015-10-13,82546,132909,50363
Managed Money,2015-10-06,49822,120576,70754
Managed Money,2015-09-29,41849,117169,75320
Managed Money,2015-09-22,21525,110892,89367
Managed Money,2015-09-15,6866,104520,97654
Managed Money,2015-09-08,28286,116101,87815
Managed Money,2015-09-01,44416,118862,74446
Managed Money,2015-08-25,44271,125505,81234
Managed Money,2015-08-18,12764,117052,104288
Managed Money,2015-08-11,-2794,111949,114743
Managed Money,2015-08-04,-10293,105958,116251
Managed Money,2015-07-28,-11334,109745,121079
Managed Money,2015-07-21,-11345,109893,121238
Managed Money,2015-07-14,4633,112948,108315
Managed Money,2015-07-07,7574,115985,108411
Managed Money,2015-06-30,21480,120195,98715
Managed Money,2015-06-23,47671,131698,84027
Managed Money,2015-06-16,42818,131034,88216
Managed Money,2015-06-09,44717,126955,82238
Managed Money,2015-06-02,68908,131644,62736
Managed Money,2015-05-26,73025,131569,58544
Managed Money,2015-05-19,86672,140022,53350
Managed Money,2015-05-12,36150,111116,74966
Managed Money,2015-05-05,31661,105810,74149
Managed Money,2015-04-28,60653,124226,63573
Managed Money,2015-04-21,58466,118094,59628
Managed Money,2015-04-14,57603,119332,61729
Managed Money,2015-04-07,65366,122148,56782
Managed Money,2015-03-31,45676,112473,66797
Managed Money,2015-03-24,31653,115675,84022
Managed Money,2015-03-17,35121,112387,77266
Managed Money,2015-03-10,64925,122107,57182
Managed Money,2015-03-03,87966,130432,42466
Managed Money,2015-02-24,103528,139507,35979
Managed Money,2015-02-17,110164,144043,33879
Managed Money,2015-02-10,133964,157507,23543
Managed Money,2015-02-03,161998,182772,20774
Managed Money,2015-01-27,167693,189594,21901
Managed Money,2015-01-20,145732,173268,27536
Managed Money,2015-01-13,114728,144792,30064
Managed Money,2015-01-06,106734,140630,33896
Managed Money,2014-12-30,98391,136562,38171
Managed Money,2014-12-23,93099,134693,41594
Managed Money,2014-12-16,103738,139547,35809
Managed Money,2014-12-09,104532,143086,38554
Managed Money,2014-12-02,79497,128656,49159
Managed Money,2014-11-25,66228,124964,58736
Managed Money,2014-11-18,60307,125712,65405
Managed Money,2014-11-11,38673,116822,78149
Managed Money,2014-11-04,45072,120480,75408
Managed Money,2014-10-28,70298,136561,66263
Managed Money,2014-10-21,75273,141899,66626
Managed Money,2014-10-14,51994,131646,79652
Managed Money,2014-10-07,37275,118339,81064
Managed Money,2014-09-30,37743,119005,81262
Managed Money,2014-09-23,44265,122035,77770
Managed Money,2014-09-16,55716,124959,69243
Managed Money,2014-09-09,71376,129921,58545
Managed Money,2014-09-02,74031,127078,53047
Managed Money,2014-08-26,92734,129611,36877
Managed Money,2014-08-19,116916,141358,24442
Managed Money,2014-08-12,133708,154516,20808
Managed Money,2014-08-05,104111,136741,32630
Managed Money,2014-07-29,122092,148193,26101
Managed Money,2014-07-22,136120,157232,21112
Managed Money,2014-07-15,131971,157908,25937
Managed Money,2014-07-08,144272,163897,19625
Managed Money,2014-07-01,136929,159117,22188
Managed Money,2014-06-24,114356,145826,31470
Managed Money,2014-06-17,66572,122914,56342
Managed Money,2014-06-10,51280,121243,69963
Managed Money,2014-06-03,51064,121428,70364
Managed Money,2014-05-27,68393,122275,53882
Managed Money,2014-05-20,90358,121639,31281
Managed Money,2014-05-13,94329,125612,31283
Managed Money,2014-05-06,102895,131215,28320
Managed Money,2014-04-29,89954,118660,28706
Managed Money,2014-04-22,90572,117199,26627
Managed Money,2014-04-15,90137,117935,27798
Managed Money,2014-04-08,98492,122701,24209
Managed Money,2014-04-01,106354,129095,22741
Managed Money,2014-03-25,120042,137231,17189
Managed Money,2014-03-18,138429,151939,13510
Managed Money,2014-03-11,123007,144080,21073
Managed Money,2014-03-04,118241,144562,26321
Managed Money,2014-02-25,113911,144907,30996
Managed Money,2014-02-18,90942,140840,49898
Managed Money,2014-02-11,69291,129791,60500
Managed Money,2014-02-04,59408,119256,59848
Managed Money,2014-01-28,60672,120096,59424
Managed Money,2014-01-21,43353,113823,70470
Managed Money,2014-01-14,43277,114002,70725
Managed Money,2014-01-07,40229,108936,68707
Managed Money,2013-12-31,34104,106675,72571
Managed Money,2013-12-24,28702,104754,76052
Managed Money,2013-12-17,32524,107723,75199
Managed Money,2013-12-10,33449,107761,74312
Managed Money,2013-12-03,26774,106405,79631
Managed Money,2013-11-26,31735,106699,74964
Managed Money,2013-11-19,44291,106880,62589
Managed Money,2013-11-12,55456,109599,54143
Managed Money,2013-11-05,87689,114179,26490
Managed Money,2013-10-29,100707,120058,19351
Managed Money,2013-10-22,79361,116333,36972
Managed Money,2013-10-15,62526,107164,44638
Managed Money,2013-10-08,84666,109368,24702
Managed Money,2013-10-01,72938,108238,35300
Managed Money,2013-09-24,78654,111170,32516
Managed Money,2013-09-17,70113,109217,39104
Managed Money,2013-09-10,84929,117140,32211
Managed Money,2013-09-03,101396,130734,29338
Managed Money,2013-08-27,97902,129990,32088
Managed Money,2013-08-20,73216,124294,51078
Managed Money,2013-08-13,56604,115363,58759
Managed Money,2013-08-06,48103,118938,70835
Managed Money,2013-07-30,65517,121521,56004
Managed Money,2013-07-23,70067,122496,52429
Managed Money,2013-07-16,55535,116537,61002
Managed Money,2013-07-09,35691,115838,80147
Managed Money,2013-07-02,34301,112449,78148
Managed Money,2013-06-25,31197,108224,77027
Managed Money,2013-06-18,38951,112281,73330
Managed Money,2013-06-11,54779,119134,64355
Managed Money,2013-06-04,57113,116610,59497
Managed Money,2013-05-28,48096,119407,71311
Managed Money,2013-05-21,35686,115102,79416
Managed Money,2013-05-14,39216,113648,74432
Managed Money,2013-05-07,49260,116634,67374
Managed Money,2013-04-30,54762,118065,63303
Managed Money,2013-04-23,46168,115894,69726
Managed Money,2013-04-16,61579,121321,59742
Managed Money,2013-04-09,56084,121162,65078
Managed Money,2013-04-02,47164,115329,68165
Managed Money,2013-03-26,60126,116045,55919
Managed Money,2013-03-19,70193,126584,56391
Managed Money,2013-03-12,43195,113321,70126
Managed Money,2013-03-05,39631,108391,68760
Managed Money,2013-02-26,54180,115872,61692
Managed Money,2013-02-19,42318,107935,65617
Managed Money,2013-02-12,70250,119403,49153
Managed Money,2013-02-05,86926,121755,34829
Managed Money,2013-01-29,82081,116948,34867
Managed Money,2013-01-22,107496,127938,20442
Managed Money,2013-01-15,99458,123533,24075
Managed Money,2013-01-08,92115,120191,28076
Managed Money,2012-12-31,105761,130258,24497
Managed Money,2012-12-24,101922,128155,26233
Managed Money,2012-12-18,112421,132662,20241
Managed Money,2012-12-11,129865,142494,12629
Managed Money,2012-12-04,126073,141467,15394
Managed Money,2012-11-27,168238,175521,7283
Managed Money,2012-11-20,148630,158505,9875
Managed Money,2012-11-13,140162,151579,11417
Managed Money,2012-11-06,130128,141531,11403
Managed Money,2012-10-30,149853,161492,11639
Managed Money,2012-10-23,161987,171484,9497
Managed Money,2012-10-16,184404,191980,7576
Managed Money,2012-10-09,198194,204810,6616
Managed Money,2012-10-02,195647,202186,6539
Managed Money,2012-09-25,189870,194985,5115
Managed Money,2012-09-18,178426,185298,6872
Managed Money,2012-09-11,165724,171870,6146
Managed Money,2012-09-04,144775,155717,10942
Managed Money,2012-08-28,131687,144705,13018
Managed Money,2012-08-21,110623,128128,17505
Managed Money,2012-08-14,82056,109187,27131
Managed Money,2012-08-07,85510,110650,25140
Managed Money,2012-07-31,96200,118837,22637
Managed Money,2012-07-24,71129,103695,32566
Managed Money,2012-07-17,92964,120939,27975
Managed Money,2012-07-10,88973,124456,35483
Managed Money,2012-07-03,108278,136268,27990
Managed Money,2012-06-26,84161,120155,35994
Managed Money,2012-06-19,104646,131120,26474
Managed Money,2012-06-12,99684,132726,33042
Managed Money,2012-06-05,98426,134207,35781
Managed Money,2012-05-29,77325,119117,41792
Managed Money,2012-05-22,77318,116460,39142
Managed Money,2012-05-15,78619,112676,34057
Managed Money,2012-05-08,92498,115878,23380
Managed Money,2012-05-01,116061,126625,10564
Managed Money,2012-04-24,107600,119768,12168
Managed Money,2012-04-17,112275,121993,9718
Managed Money,2012-04-10,109511,124479,14968
Managed Money,2012-04-03,118185,131544,13359
Managed Money,2012-03-27,130472,142430,11958
Managed Money,2012-03-20,113284,130396,17112
Managed Money,2012-03-13,138499,151297,12798
Managed Money,2012-03-06,145997,157407,11410
Managed Money,2012-02-28,197552,205525,7973
Managed Money,2012-02-21,179132,187996,8864
Managed Money,2012-02-14,162956,171383,8427
Managed Money,2012-02-07,173172,179384,6212
Managed Money,2012-01-31,159509,165702,6193
Managed Money,2012-01-24,126937,138142,11205
Managed Money,2012-01-17,116978,129904,12926
Managed Money,2012-01-10,110499,126619,16120
Managed Money,2012-01-03,110594,128430,17836
Managed Money,2011-12-27,111919,126992,15073
Managed Money,2011-12-20,117151,131086,13935
Managed Money,2011-12-13,135117,145554,10437
Managed Money,2011-12-06,151347,159210,7863
Managed Money,2011-11-29,146298,154120,7822
Managed Money,2011-11-22,149256,158327,9071
Managed Money,2011-11-15,171632,180024,8392
Managed Money,2011-11-08,167028,174089,7061
Managed Money,2011-11-01,148279,157392,9113
Managed Money,2011-10-25,138846,152470,13624
Managed Money,2011-10-18,127689,139993,12304
Managed Money,2011-10-11,131637,143718,12081
Managed Money,2011-10-04,127249,142320,15071
Managed Money,2011-09-27,129502,144046,14544
Managed Money,2011-09-20,160322,168642,8320
Managed Money,2011-09-13,185767,192080,6313
Managed Money,2011-09-06,197844,202824,4980
Managed Money,2011-08-30,195372,201447,6075
Managed Money,2011-08-23,201294,213109,11815
Managed Money,2011-08-16,218403,228713,10310
Managed Money,2011-08-09,218574,227174,8600
Managed Money,2011-08-02,253653,259002,5349
Managed Money,2011-07-26,233256,237247,3991
Managed Money,2011-07-19,238319,243363,5044
Managed Money,2011-07-12,222184,228630,6446
Managed Money,2011-07-05,177791,183054,5263
Managed Money,2011-06-28,181356,187203,5847
Managed Money,2011-06-21,226501,230545,4044
Managed Money,2011-06-14,203820,208836,5016
Managed Money,2011-06-07,216220,219432,3212
Managed Money,2011-05-31,206794,212360,5566
Managed Money,2011-05-24,198515,207327,8812
Managed Money,2011-05-17,185385,190135,4750
Managed Money,2011-05-10,198607,204903,6296
Managed Money,2011-05-03,218255,222216,3961
Managed Money,2011-04-26,220548,224168,3620
Managed Money,2011-04-19,228577,231621,3044
Managed Money,2011-04-12,211095,216201,5106
Managed Money,2011-04-05,216868,222483,5615
Managed Money,2011-03-29,199312,201651,2339
Managed Money,2011-03-22,189202,192838,3636
Managed Money,2011-03-15,183908,194037,10129
Managed Money,2011-03-08,199221,206489,7268
Managed Money,2011-03-01,201084,210620,9536
Managed Money,2011-02-22,182739,194563,11824
Managed Money,2011-02-15,159814,172360,12546
Managed Money,2011-02-08,145846,164435,18589
Managed Money,2011-02-01,124794,149663,24869
Managed Money,2011-01-25,129664,160167,30503
Managed Money,2011-01-18,134473,162160,27687
Managed Money,2011-01-11,144236,164366,20130
Managed Money,2011-01-04,158659,175122,16463
Managed Money,2010-12-28,169987,182556,12569
Managed Money,2010-12-21,161155,175209,14054
Managed Money,2010-12-14,173759,185171,11412
Managed Money,2010-12-07,183737,194057,10320
Managed Money,2010-11-30,182716,192714,9998
Managed Money,2010-11-23,177269,191170,13901
Managed Money,2010-11-16,173067,187763,14696
Managed Money,2010-11-09,200996,215781,14785
Managed Money,2010-11-02,204702,219020,14318
Managed Money,2010-10-26,205958,216125,10167
Managed Money,2010-10-19,218061,227826,9765
Managed Money,2010-10-12,229543,237943,8400
Managed Money,2010-10-05,225274,232406,7132
Managed Money,2010-09-28,232220,238044,5824
Managed Money,2010-09-21,223128,228026,4898
Managed Money,2010-09-14,227384,234008,6624
Managed Money,2010-09-07,218898,224342,5444
Managed Money,2010-08-31,216265,222518,6253
Managed Money,2010-08-24,202471,208460,5989
Managed Money,2010-08-17,182276,188039,5763
Managed Money,2010-08-10,161122,171806,10684
Managed Money,2010-08-03,158419,171429,13010
Managed Money,2010-07-27,154381,168540,14159
Managed Money,2010-07-20,152713,174379,21666
Managed Money,2010-07-13,187077,194904,7827
Managed Money,2010-07-06,188634,200009,11375
Managed Money,2010-06-29,222663,227944,5281
Managed Money,2010-06-22,227831,231253,3422
Managed Money,2010-06-15,217716,220704,2988
Managed Money,2010-06-08,218124,222539,4415
Managed Money,2010-06-01,212415,216349,3934
Managed Money,2010-05-25,211028,216386,5358
Managed Money,2010-05-18,230422,234181,3759
Managed Money,2010-05-11,227195,233803,6608
Managed Money,2010-05-04,214139,221508,7369
Managed Money,2010-04-27,210701,216063,5362
Managed Money,2010-04-20,197751,202279,4528
Managed Money,2010-04-13,201258,205120,3862
Managed Money,2010-04-06,178383,185616,7233
Managed Money,2010-03-30,149399,157723,8324
Managed Money,2010-03-23,156775,165927,9152
Managed Money,2010-03-16,172965,179677,6712
Managed Money,2010-03-09,177719,182721,5002
Managed Money,2010-03-02,179874,185798,5924
Managed Money,2010-02-23,167680,174352,6672
Managed Money,2010-02-16,159308,169899,10591
Managed Money,2010-02-09,155623,169333,13710
Managed Money,2010-02-02,181085,189560,8475
Managed Money,2010-01-26,176156,184073,7917
Managed Money,2010-01-19,196107,204120,8013
Managed Money,2010-01-12,194345,205311,10966
Managed Money,2010-01-05,194590,201286,6696
Managed Money,2009-12-29,197560,203584,6024
Managed Money,2009-12-22,201788,207168,5380
Managed Money,2009-12-15,211313,215204,3891
Managed Money,2009-12-08,212653,216761,4108
Managed Money,2009-12-01,224935,232099,7164
Managed Money,2009-11-24,228956,233039,4083
Managed Money,2009-11-17,229670,233504,3834
Managed Money,2009-11-09,231753,235180,3427
Managed Money,2009-11-03,232700,236967,4267
Managed Money,2009-10-27,219912,221910,1998
Managed Money,2009-10-20,238138,240792,2654
Managed Money,2009-10-13,238943,241446,2503
Managed Money,2009-10-06,220386,223948,3562
Managed Money,2009-09-29,201515,202842,1327
Managed Money,2009-09-22,214231,215058,827
Managed Money,2009-09-15,213840,214661,821
Managed Money,2009-09-08,198468,201961,3493
Managed Money,2009-09-01,155759,160821,5062
Managed Money,2009-08-25,154439,159473,5034
Managed Money,2009-08-18,145089,156516,11427
Managed Money,2009-08-11,166752,171560,4808
Managed Money,2009-08-04,177212,181154,3942
Managed Money,2009-07-28,153880,159258,5378
Managed Money,2009-07-21,158676,162239,3563
Managed Money,2009-07-14,137676,145566,7890
Managed Money,2009-07-07,148172,151197,3025
Managed Money,2009-06-30,146193,154393,8200
Managed Money,2009-06-23,147760,155695,7935
Managed Money,2009-06-16,157019,161427,4408
Managed Money,2009-06-09,172289,174980,2691
Managed Money,2009-06-02,167015,171718,4703
Managed Money,2009-05-26,154065,162565,8500
Managed Money,2009-05-19,139738,148070,8332
Managed Money,2009-05-12,135406,144310,8904
Managed Money,2009-05-05,123826,133629,9803
Managed Money,2009-04-28,116312,130349,14037
Managed Money,2009-04-21,116598,129820,13222
Managed Money,2009-04-14,118249,131275,13026
Managed Money,2009-04-07,116694,131565,14871
Managed Money,2009-03-31,137088,144361,7273
Managed Money,2009-03-24,134235,141063,6828
Managed Money,2009-03-17,136329,141111,4782
Managed Money,2009-03-10,136526,142306,5780
Managed Money,2009-03-03,143427,148764,5337
Managed Money,2009-02-24,139709,148390,8681
Managed Money,2009-02-17,134915,147250,12335
Managed Money,2009-02-10,133610,144144,10534
Managed Money,2009-02-03,128671,139201,10530
Managed Money,2009-01-27,115561,126777,11216
Managed Money,2009-01-20,103925,111680,7755
Managed Money,2009-01-13,100299,107083,6784
Managed Money,2009-01-06,107477,113584,6107
Managed Money,2008-12-30,100925,108170,7245
Managed Money,2008-12-22,96923,103404,6481
Managed Money,2008-12-16,82481,94224,11743
Managed Money,2008-12-09,65759,77409,11650
Managed Money,2008-12-02,68406,76864,8458
Managed Money,2008-11-25,65348,80611,15263
Managed Money,2008-11-18,45452,69580,24128
Managed Money,2008-11-11,41895,71104,29209
Managed Money,2008-11-04,51653,76604,24951
Managed Money,2008-10-28,51008,73843,22835
Managed Money,2008-10-21,59984,78113,18129
Managed Money,2008-10-14,74496,88855,14359
Managed Money,2008-10-07,75392,92655,17263
Managed Money,2008-09-30,79144,92743,13599
Managed Money,2008-09-23,75788,99464,23676
Managed Money,2008-09-16,43510,87324,43814
Managed Money,2008-09-09,41223,82752,41529
Managed Money,2008-09-02,51783,87572,35789
Managed Money,2008-08-26,65958,94565,28607
Managed Money,2008-08-19,72701,92962,20261
Managed Money,2008-08-12,90988,107342,16354
Managed Money,2008-08-05,133972,145480,11508
Managed Money,2008-07-29,150581,162434,11853
Managed Money,2008-07-22,169631,182871,13240
Managed Money,2008-07-15,176312,192011,15699
Managed Money,2008-07-08,162890,179882,16992
Managed Money,2008-07-01,162963,180597,17634
Managed Money,2008-06-24,124657,148106,23449
Managed Money,2008-06-17,123095,141686,18591
Managed Money,2008-06-10,119507,148372,28865
Managed Money,2008-06-03,139780,160487,20707
Managed Money,2008-05-27,152939,171338,18399
Managed Money,2008-05-20,155929,169720,13791
Managed Money,2008-05-13,124655,153583,28928
Managed Money,2008-05-06,130281,152671,22390
Managed Money,2008-04-29,138053,155439,17386
Managed Money,2008-04-22,151278,162435,11157
Managed Money,2008-04-15,150571,161728,11157
Managed Money,2008-04-08,142569,156457,13888
Managed Money,2008-04-01,140483,151345,10862
Managed Money,2008-03-25,161844,173476,11632
Managed Money,2008-03-18,174322,185864,11542
Managed Money,2008-03-11,182120,192807,10687
Managed Money,2008-03-04,182115,194949,12834
Managed Money,2008-02-26,191702,201838,10136
Managed Money,2008-02-19,193381,204387,11006
Managed Money,2008-02-12,183195,194404,11209
Managed Money,2008-02-05,185749,194487,8738
Managed Money,2008-01-29,186690,194518,7828
Managed Money,2008-01-22,188881,198429,9548
Managed Money,2008-01-15,190901,201910,11009
Managed Money,2008-01-08,186417,197391,10974
Managed Money,2007-12-31,178402,187722,9320
Managed Money,2007-12-24,161615,168628,7013
Managed Money,2007-12-18,150531,158884,8353
Managed Money,2007-12-11,153433,158688,5255
Managed Money,2007-12-04,147724,152930,5206
Managed Money,2007-11-27,156732,165820,9088
Managed Money,2007-11-20,166536,174430,7894
Managed Money,2007-11-13,181043,189169,8126
Managed Money,2007-11-06,193095,204334,11239
Managed Money,2007-10-30,192125,199189,7064
Managed Money,2007-10-23,179717,187834,8117
Managed Money,2007-10-16,190050,197709,7659
Managed Money,2007-10-09,177948,185345,7397
Managed Money,2007-10-02,160261,171358,11097
Managed Money,2007-09-25,150852,159196,8344
Managed Money,2007-09-18,130754,137497,6743
Managed Money,2007-09-11,111534,119444,7910
Managed Money,2007-09-04,80451,91293,10842
Managed Money,2007-08-28,53179,68510,15331
Managed Money,2007-08-21,43812,66002,22190
Managed Money,2007-08-14,68177,79860,11683
Managed Money,2007-08-07,65938,86561,20623
Managed Money,2007-07-31,56978,77884,20906
Managed Money,2007-07-24,98284,115624,17340
Managed Money,2007-07-17,43745,72527,28782
Managed Money,2007-07-10,37626,71915,34289
Managed Money,2007-07-03,32169,68208,36039
Managed Money,2007-06-26,21494,69708,48214
Managed Money,2007-06-19,47361,78843,31482
Managed Money,2007-06-12,39950,79076,39126
Managed Money,2007-06-05,76208,101396,25188
Managed Money,2007-05-29,62304,91443,29139
Managed Money,2007-05-22,67958,95343,27385
Managed Money,2007-05-15,88209,108506,20297
Managed Money,2007-05-08,115076,131327,16251
Managed Money,2007-05-01,104947,124836,19889
Managed Money,2007-04-24,104181,125890,21709
Managed Money,2007-04-17,107551,126468,18917
Managed Money,2007-04-10,84896,108209,23313
Managed Money,2007-04-03,69787,92989,23202
Managed Money,2007-03-27,68836,88578,19742
Managed Money,2007-03-20,65830,84751,18921
Managed Money,2007-03-13,67989,86558,18569
Managed Money,2007-03-06,68624,90785,22161
Managed Money,2007-02-27,115842,139549,23707
Managed Money,2007-02-20,98157,124341,26184
Managed Money,2007-02-13,99290,124329,25039
Managed Money,2007-02-06,84111,111899,27788
Managed Money,2007-01-30,72983,102396,29413
Managed Money,2007-01-23,59205,89090,29885
Managed Money,2007-01-16,35275,69652,34377
Managed Money,2007-01-09,25229,66123,40894
Managed Money,2007-01-03,47667,79570,31903
Managed Money,2006-12-26,38418,71209,32791
Managed Money,2006-12-19,40642,69911,29269
Managed Money,2006-12-12,51681,80167,28486
Managed Money,2006-12-05,54908,83017,28109
Managed Money,2006-11-28,47771,77611,29840
Managed Money,2006-11-21,51542,79463,27921
Managed Money,2006-11-14,53997,81805,27808
Managed Money,2006-11-07,49313,79413,30100
Managed Money,2006-10-31,26310,62544,36234
Managed Money,2006-10-24,15705,56144,40439
Managed Money,2006-10-17,26754,67141,40387
Managed Money,2006-10-10,25020,63659,38639
Managed Money,2006-10-03,34328,67587,33259
Managed Money,2006-09-26,37966,70524,32558
Managed Money,2006-09-19,42177,71695,29518
Managed Money,2006-09-12,47051,78251,31200
Managed Money,2006-09-05,63174,90955,27781
Managed Money,2006-08-29,51928,83122,31194
Managed Money,2006-08-22,64337,90079,25742
Managed Money,2006-08-15,72364,96966,24602
Managed Money,2006-08-08,80329,104600,24271
Managed Money,2006-08-01,74939,99330,24391
Managed Money,2006-07-25,76701,99087,22386
Managed Money,2006-07-18,83117,107413,24296
Managed Money,2006-07-11,76589,104213,27624
Managed Money,2006-07-03,62093,92545,30452
Managed Money,2006-06-27,58755,91042,32287
Managed Money,2006-06-20,63669,94632,30963
Managed Money,2006-06-13,72295,103211,30916
Other Reportable,2024-10-08,50481,98798,48317
Other Reportable,2024-10-01,51740,98362,46622
Other Reportable,2024-09-24,59098,103627,44529
Other Reportable,2024-09-17,55136,101525,46389
Other Reportable,2024-09-10,53918,96175,42257
Other Reportable,2024-09-03,56483,96747,40264
Other Reportable,2024-08-27,58039,97567,39528
Other Reportable,2024-08-20,63035,104599,41564
Other Reportable,2024-08-13,55549,94460,38911
Other Reportable,2024-08-06,54710,86637,31927
Other Reportable,2024-07-30,62978,97460,34482
Other Reportable,2024-07-23,70122,103744,33622
Other Reportable,2024-07-16,68160,104729,36569
Other Reportable,2024-07-09,63633,94232,30599
Other Reportable,2024-06-25,61832,90463,28631
Other Reportable,2024-06-18,60441,90060,29619
Other Reportable,2024-06-11,58617,88560,29943
Other Reportable,2024-06-04,63247,93445,30198
Other Reportable,2024-05-28,67644,97316,29672
Other Reportable,2024-05-21,63396,97857,34461
Other Reportable,2024-05-14,59807,96497,36690
Other Reportable,2024-05-07,62988,93970,30982
Other Reportable,2024-04-30,63392,94836,31444
Other Reportable,2024-04-23,52742,92923,40181
Other Reportable,2024-04-16,58723,99446,40723
Other Reportable,2024-04-09,55363,98894,43531
Other Reportable,2024-04-02,58361,101693,43332
Other Reportable,2024-03-26,60645,97115,36470
Other Reportable,2024-03-19,60819,100317,39498
Other Reportable,2024-03-12,62980,104220,41240
Other Reportable,2024-03-05,77192,117170,39978
Other Reportable,2024-02-27,75845,104239,28394
Other Reportable,2024-02-20,78199,103577,25378
Other Reportable,2024-02-13,82852,106888,24036
Other Reportable,2024-02-06,81839,106082,24243
Other Reportable,2024-01-30,79472,103340,23868
Other Reportable,2024-01-23,95789,120056,24267
Other Reportable,2024-01-16,81614,120144,38530
Other Reportable,2024-01-09,84855,126186,41331
Other Reportable,2024-01-02,80573,124485,43912
Other Reportable,2023-12-26,82300,126005,43705
Other Reportable,2023-12-19,77146,115777,38631
Other Reportable,2023-12-12,77526,112904,35378
Other Reportable,2023-12-05,78207,118381,40174
Other Reportable,2023-11-28,67156,108677,41521
Other Reportable,2023-11-21,68459,106403,37944
Other Reportable,2023-11-14,68890,103678,34788
Other Reportable,2023-11-07,67328,104860,37532
Other Reportable,2023-10-31,65080,104831,39751
Other Reportable,2023-10-24,62539,103923,41384
Other Reportable,2023-10-17,68218,101101,32883
Other Reportable,2023-10-10,75263,103843,28580
Other Reportable,2023-10-03,78272,106799,28527
Other Reportable,2023-09-26,76882,108416,31534
Other Reportable,2023-09-19,70113,102566,32453
Other Reportable,2023-09-12,73133,104932,31799
Other Reportable,2023-09-05,73558,105077,31519
Other Reportable,2023-08-29,68794,104829,36035
Other Reportable,2023-08-22,73055,104984,31929
Other Reportable,2023-08-15,73262,105117,31855
Other Reportable,2023-08-08,69140,102328,33188
Other Reportable,2023-08-01,69956,104093,34137
Other Reportable,2023-07-25,63542,103285,39743
Other Reportable,2023-07-18,64405,105779,41374
Other Reportable,2023-07-11,68002,103395,35393
Other Reportable,2023-07-03,65991,100417,34426
Other Reportable,2023-06-27,67125,100133,33008
Other Reportable,2023-06-20,68504,103786,35282
Other Reportable,2023-06-13,67609,102337,34728
Other Reportable,2023-06-06,64639,102483,37844
Other Reportable,2023-05-30,64866,100289,35423
Other Reportable,2023-05-23,65314,102698,37384
Other Reportable,2023-05-16,73477,111221,37744
Other Reportable,2023-05-09,78911,120028,41117
Other Reportable,2023-05-02,77347,117939,40592
Other Reportable,2023-04-25,76650,115209,38559
Other Reportable,2023-04-18,80899,120379,39480
Other Reportable,2023-04-11,78844,121933,43089
Other Reportable,2023-04-04,75057,120751,45694
Other Reportable,2023-03-28,69719,109306,39587
Other Reportable,2023-03-21,67429,107421,39992
Other Reportable,2023-03-14,69193,106288,37095
Other Reportable,2023-03-07,74025,104958,30933
Other Reportable,2023-02-28,73135,103828,30693
Other Reportable,2023-02-21,69343,103134,33791
Other Reportable,2023-02-14,67873,102818,34945
Other Reportable,2023-02-07,69195,105864,36669
Other Reportable,2023-01-31,77994,116936,38942
Other Reportable,2023-01-24,77231,118778,41547
Other Reportable,2023-01-17,83436,119928,36492
Other Reportable,2023-01-10,90033,124801,34768
Other Reportable,2023-01-03,87230,120816,33586
Other Reportable,2022-12-27,85807,121450,35643
Other Reportable,2022-12-20,84005,117994,33989
Other Reportable,2022-12-13,83860,118517,34657
Other Reportable,2022-12-06,87172,116290,29118
Other Reportable,2022-11-29,91435,118940,27505
Other Reportable,2022-11-22,92559,120374,27815
Other Reportable,2022-11-15,98303,128978,30675
Other Reportable,2022-11-08,93161,130036,36875
Other Reportable,2022-11-01,96508,128935,32427
Other Reportable,2022-10-25,92476,125999,33523
Other Reportable,2022-10-18,89978,124158,34180
Other Reportable,2022-10-11,90080,125034,34954
Other Reportable,2022-10-04,85479,124855,39376
Other Reportable,2022-09-27,87273,124350,37077
Other Reportable,2022-09-20,93753,130792,37039
Other Reportable,2022-09-13,104681,137097,32416
Other Reportable,2022-09-06,100354,136744,36390
Other Reportable,2022-08-30,97325,136640,39315
Other Reportable,2022-08-23,97278,135231,37953
Other Reportable,2022-08-16,97800,136452,38652
Other Reportable,2022-08-09,95837,138578,42741
Other Reportable,2022-08-02,100388,141206,40818
Other Reportable,2022-07-26,101899,143488,41589
Other Reportable,2022-07-19,102222,141662,39440
Other Reportable,2022-07-12,114103,152760,38657
Other Reportable,2022-07-05,119610,158768,39158
Other Reportable,2022-06-28,118454,157161,38707
Other Reportable,2022-06-21,112809,155206,42397
Other Reportable,2022-06-14,114060,155824,41764
Other Reportable,2022-06-07,114192,154363,40171
Other Reportable,2022-05-31,118514,155917,37403
Other Reportable,2022-05-24,118429,156729,38300
Other Reportable,2022-05-17,123796,161130,37334
Other Reportable,2022-05-10,124524,160471,35947
Other Reportable,2022-05-03,128340,162912,34572
Other Reportable,2022-04-26,136870,172449,35579
Other Reportable,2022-04-19,141581,175968,34387
Other Reportable,2022-04-12,139681,174518,34837
Other Reportable,2022-04-05,143061,175766,32705
Other Reportable,2022-03-29,147829,180107,32278
Other Reportable,2022-03-22,147210,179233,32023
Other Reportable,2022-03-15,149171,186934,37763
Other Reportable,2022-03-08,145529,189799,44270
Other Reportable,2022-03-01,122602,172395,49793
Other Reportable,2022-02-22,120591,173314,52723
Other Reportable,2022-02-15,117116,165924,48808
Other Reportable,2022-02-08,125986,166066,40080
Other Reportable,2022-02-01,127213,169540,42327
Other Reportable,2022-01-25,128074,174820,46746
Other Reportable,2022-01-18,126401,170848,44447
Other Reportable,2022-01-11,127711,170920,43209
Other Reportable,2022-01-04,132258,172896,40638
Other Reportable,2021-12-28,129072,174261,45189
Other Reportable,2021-12-21,131911,172217,40306
Other Reportable,2021-12-14,135813,175342,39529
Other Reportable,2021-12-07,132921,173538,40617
Other Reportable,2021-11-30,129887,170088,40201
Other Reportable,2021-11-23,127614,173272,45658
Other Reportable,2021-11-16,119373,174861,55488
Other Reportable,2021-11-09,122121,172344,50223
Other Reportable,2021-11-02,126709,172201,45492
Other Reportable,2021-10-26,124192,170939,46747
Other Reportable,2021-10-19,130165,171256,41091
Other Reportable,2021-10-12,121506,162899,41393
Other Reportable,2021-10-05,121983,164258,42275
Other Reportable,2021-09-28,130592,169741,39149
Other Reportable,2021-09-21,133391,171272,37881
Other Reportable,2021-09-14,131508,172827,41319
Other Reportable,2021-09-07,132753,172961,40208
Other Reportable,2021-08-31,130111,171388,41277
Other Reportable,2021-08-24,125914,165676,39762
Other Reportable,2021-08-17,121731,158521,36790
Other Reportable,2021-08-10,118642,152806,34164
Other Reportable,2021-08-03,106462,140223,33761
Other Reportable,2021-07-27,99889,135118,35229
Other Reportable,2021-07-20,100413,136613,36200
Other Reportable,2021-07-13,98665,134497,35832
Other Reportable,2021-07-06,99048,135073,36025
Other Reportable,2021-06-29,95171,132922,37751
Other Reportable,2021-06-22,95004,132590,37586
Other Reportable,2021-06-08,105036,145688,40652
Other Reportable,2021-06-01,105197,141654,36457
Other Reportable,2021-05-25,106052,144022,37970
Other Reportable,2021-05-18,107506,145192,37686
Other Reportable,2021-05-11,108347,146398,38051
Other Reportable,2021-05-04,108541,144839,36298
Other Reportable,2021-04-27,110332,145073,34741
Other Reportable,2021-04-20,114868,149916,35048
Other Reportable,2021-04-13,115069,146581,31512
Other Reportable,2021-04-06,110318,143970,33652
Other Reportable,2021-03-30,107099,136033,28934
Other Reportable,2021-03-23,112230,137988,25758
Other Reportable,2021-03-16,120309,139180,18871
Other Reportable,2021-03-09,125268,140988,15720
Other Reportable,2021-03-02,124069,141712,17643
Other Reportable,2021-02-23,133450,147684,14234
Other Reportable,2021-02-16,136388,151340,14952
Other Reportable,2021-02-09,135259,150466,15207
Other Reportable,2021-02-02,140998,152791,11793
Other Reportable,2021-01-26,135602,149382,13780
Other Reportable,2021-01-19,135375,151430,16055
Other Reportable,2021-01-12,133786,153803,20017
Other Reportable,2021-01-05,128542,155663,27121
Other Reportable,2020-12-29,127473,153716,26243
Other Reportable,2020-12-21,125124,151398,26274
Other Reportable,2020-12-15,126462,149270,22808
Other Reportable,2020-12-08,127540,151092,23552
Other Reportable,2020-12-01,132833,150900,18067
Other Reportable,2020-11-24,116532,144291,27759
Other Reportable,2020-11-17,118337,148587,30250
Other Reportable,2020-11-10,119234,148008,28774
Other Reportable,2020-11-03,118148,148700,30552
Other Reportable,2020-10-27,114748,146548,31800
Other Reportable,2020-10-20,115545,149742,34197
Other Reportable,2020-10-13,118407,150476,32069
Other Reportable,2020-10-06,119381,148220,28839
Other Reportable,2020-09-29,115224,143646,28422
Other Reportable,2020-09-22,110755,137564,26809
Other Reportable,2020-09-15,108128,136703,28575
Other Reportable,2020-09-08,109560,136060,26500
Other Reportable,2020-09-01,109698,136952,27254
Other Reportable,2020-08-25,111758,137633,25875
Other Reportable,2020-08-18,109795,138055,28260
Other Reportable,2020-08-11,109590,139852,30262
Other Reportable,2020-08-04,111209,145533,34324
Other Reportable,2020-07-28,103092,140526,37434
Other Reportable,2020-07-21,114589,141995,27406
Other Reportable,2020-07-14,111602,139279,27677
Other Reportable,2020-07-07,111718,145301,33583
Other Reportable,2020-06-30,110371,142150,31779
Other Reportable,2020-06-23,99863,129745,29882
Other Reportable,2020-06-16,99427,126028,26601
Other Reportable,2020-06-09,98048,122324,24276
Other Reportable,2020-06-02,100728,124322,23594
Other Reportable,2020-05-26,104729,125880,21151
Other Reportable,2020-05-19,110264,130737,20473
Other Reportable,2020-05-12,107941,124650,16709
Other Reportable,2020-05-05,103755,123718,19963
Other Reportable,2020-04-28,101999,123607,21608
Other Reportable,2020-04-21,97169,120921,23752
Other Reportable,2020-04-14,91498,120089,28591
Other Reportable,2020-04-07,86737,116051,29314
Other Reportable,2020-03-31,90356,118913,28557
Other Reportable,2020-03-24,113074,137087,24013
Other Reportable,2020-03-17,98843,127287,28444
Other Reportable,2020-03-10,85124,106929,21805
Other Reportable,2020-03-03,99640,117677,18037
Other Reportable,2020-02-25,101419,123534,22115
Other Reportable,2020-02-18,104597,123010,18413
Other Reportable,2020-02-11,97998,115672,17674
Other Reportable,2020-02-04,99913,119227,19314
Other Reportable,2020-01-28,96734,114765,18031
Other Reportable,2020-01-21,83756,112217,28461
Other Reportable,2020-01-14,79754,109598,29844
Other Reportable,2020-01-07,85194,118535,33341
Other Reportable,2019-12-31,87918,118008,30090
Other Reportable,2019-12-24,79214,110593,31379
Other Reportable,2019-12-17,72258,103296,31038
Other Reportable,2019-12-10,71492,102309,30817
Other Reportable,2019-12-03,70233,103754,33521
Other Reportable,2019-11-26,64502,97159,32657
Other Reportable,2019-11-19,73499,99589,26090
Other Reportable,2019-11-12,66877,97958,31081
Other Reportable,2019-11-05,71198,101970,30772
Other Reportable,2019-10-29,69314,98798,29484
Other Reportable,2019-10-22,64603,97099,32496
Other Reportable,2019-10-15,63466,95819,32353
Other Reportable,2019-10-08,67287,95822,28535
Other Reportable,2019-10-01,66327,92598,26271
Other Reportable,2019-09-24,65899,95531,29632
Other Reportable,2019-09-17,66431,94804,28373
Other Reportable,2019-09-10,62046,90259,28213
Other Reportable,2019-09-03,73989,102330,28341
Other Reportable,2019-08-27,73522,105026,31504
Other Reportable,2019-08-20,64556,96670,32114
Other Reportable,2019-08-13,66300,97469,31169
Other Reportable,2019-08-06,61542,97255,35713
Other Reportable,2019-07-30,61482,89912,28430
Other Reportable,2019-07-23,62313,92508,30195
Other Reportable,2019-07-16,59385,90109,30724
Other Reportable,2019-07-09,57413,89286,31873
Other Reportable,2019-07-02,53660,85880,32220
Other Reportable,2019-06-25,49300,82885,33585
Other Reportable,2019-06-18,45852,74826,28974
Other Reportable,2019-06-11,49223,73987,24764
Other Reportable,2019-06-04,57751,78609,20858
Other Reportable,2019-05-28,52399,69053,16654
Other Reportable,2019-05-21,55311,71488,16177
Other Reportable,2019-05-14,62526,78400,15874
Other Reportable,2019-05-07,58426,74039,15613
Other Reportable,2019-04-30,59710,74082,14372
Other Reportable,2019-04-23,58350,75232,16882
Other Reportable,2019-04-16,59686,75332,15646
Other Reportable,2019-04-09,61607,73764,12157
Other Reportable,2019-04-02,59812,72476,12664
Other Reportable,2019-03-26,57368,73160,15792
Other Reportable,2019-03-19,54381,72969,18588
Other Reportable,2019-03-12,57078,74821,17743
Other Reportable,2019-03-05,49524,68331,18807
Other Reportable,2019-02-26,56704,78613,21909
Other Reportable,2019-02-19,61917,83018,21101
Other Reportable,2019-02-12,62058,78176,16118
Other Reportable,2019-02-05,64235,80092,15857
Other Reportable,2019-01-29,68386,83698,15312
Other Reportable,2019-01-22,62840,77589,14749
Other Reportable,2019-01-15,69171,83538,14367
Other Reportable,2019-01-08,71344,84163,12819
Other Reportable,2018-12-31,72193,84178,11985
Other Reportable,2018-12-24,74406,85876,11470
Other Reportable,2018-12-18,62928,74706,11778
Other Reportable,2018-12-11,58450,73101,14651
Other Reportable,2018-12-04,54259,67620,13361
Other Reportable,2018-11-27,49310,66951,17641
Other Reportable,2018-11-20,47981,69065,21084
Other Reportable,2018-11-13,47933,69720,21787
Other Reportable,2018-11-06,49696,71450,21754
Other Reportable,2018-10-30,51598,73070,21472
Other Reportable,2018-10-23,55302,78079,22777
Other Reportable,2018-10-16,52331,76526,24195
Other Reportable,2018-10-09,46010,72066,26056
Other Reportable,2018-10-02,37927,71412,33485
Other Reportable,2018-09-25,44550,72353,27803
Other Reportable,2018-09-18,45472,73678,28206
Other Reportable,2018-09-11,42909,72527,29618
Other Reportable,2018-09-04,44662,73029,28367
Other Reportable,2018-08-28,52500,80201,27701
Other Reportable,2018-08-21,54615,80433,25818
Other Reportable,2018-08-14,51923,80442,28519
Other Reportable,2018-08-07,56287,80372,24085
Other Reportable,2018-07-31,58020,79039,21019
Other Reportable,2018-07-24,59488,82935,23447
Other Reportable,2018-07-17,61046,84138,23092
Other Reportable,2018-07-10,65826,86607,20781
Other Reportable,2018-07-03,62028,86258,24230
Other Reportable,2018-06-26,60805,82189,21384
Other Reportable,2018-06-19,60235,82798,22563
Other Reportable,2018-06-12,50888,74007,23119
Other Reportable,2018-06-05,49179,73634,24455
Other Reportable,2018-05-29,51519,75551,24032
Other Reportable,2018-05-22,49883,73385,23502
Other Reportable,2018-05-15,49250,75139,25889
Other Reportable,2018-05-08,50918,73835,22917
Other Reportable,2018-05-01,51383,74827,23444
Other Reportable,2018-04-24,27550,71218,43668
Other Reportable,2018-04-17,30323,77597,47274
Other Reportable,2018-04-10,26015,75917,49902
Other Reportable,2018-04-03,35332,74467,39135
Other Reportable,2018-03-27,39046,73853,34807
Other Reportable,2018-03-20,31479,69783,38304
Other Reportable,2018-03-13,28903,67255,38352
Other Reportable,2018-03-06,31525,70717,39192
Other Reportable,2018-02-27,25887,71171,45284
Other Reportable,2018-02-20,19908,69057,49149
Other Reportable,2018-02-13,12738,68949,56211
Other Reportable,2018-02-06,16745,70178,53433
Other Reportable,2018-01-30,11192,71027,59835
Other Reportable,2018-01-23,17978,73362,55384
Other Reportable,2018-01-16,20338,77780,57442
Other Reportable,2018-01-09,14021,75062,61041
Other Reportable,2018-01-02,19373,74741,55368
Other Reportable,2017-12-26,28974,73567,44593
Other Reportable,2017-12-19,29421,74238,44817
Other Reportable,2017-12-12,26133,72436,46303
Other Reportable,2017-12-05,40120,83984,43864
Other Reportable,2017-11-28,31006,80781,49775
Other Reportable,2017-11-21,28681,83274,54593
Other Reportable,2017-11-14,21459,80830,59371
Other Reportable,2017-11-07,27790,84833,57043
Other Reportable,2017-10-31,30151,86447,56296
Other Reportable,2017-10-24,25553,83033,57480
Other Reportable,2017-10-17,34635,87427,52792
Other Reportable,2017-10-10,33996,86748,52752
Other Reportable,2017-10-03,26692,82837,56145
Other Reportable,2017-09-26,23286,84949,61663
Other Reportable,2017-09-19,10124,78874,68750
Other Reportable,2017-09-12,9485,82549,73064
Other Reportable,2017-09-05,15334,86977,71643
Other Reportable,2017-08-29,14543,84204,69661
Other Reportable,2017-08-22,19120,85227,66107
Other Reportable,2017-08-15,12294,80313,68019
Other Reportable,2017-08-08,11277,77126,65849
Other Reportable,2017-08-01,12868,80641,67773
Other Reportable,2017-07-25,17287,79639,62352
Other Reportable,2017-07-18,29224,84538,55314
Other Reportable,2017-07-11,27934,84065,56131
Other Reportable,2017-07-03,52905,83475,30570
Other Reportable,2017-06-27,55425,86448,31023
Other Reportable,2017-06-20,46227,81456,35229
Other Reportable,2017-06-13,42085,79871,37786
Other Reportable,2017-06-06,39443,82995,43552
Other Reportable,2017-05-30,40236,72494,32258
Other Reportable,2017-05-23,41950,72475,30525
Other Reportable,2017-05-16,50334,78220,27886
Other Reportable,2017-05-09,41465,73021,31556
Other Reportable,2017-05-02,36575,71622,35047
Other Reportable,2017-04-25,30979,70893,39914
Other Reportable,2017-04-18,39080,75385,36305
Other Reportable,2017-04-11,36724,70207,33483
Other Reportable,2017-04-04,45578,73886,28308
Other Reportable,2017-03-28,44738,74852,30114
Other Reportable,2017-03-21,56166,85779,29613
Other Reportable,2017-03-14,47898,77563,29665
Other Reportable,2017-03-07,37608,72448,34840
Other Reportable,2017-02-28,46385,77185,30800
Other Reportable,2017-02-21,46789,76765,29976
Other Reportable,2017-02-14,42455,71770,29315
Other Reportable,2017-02-07,45642,72125,26483
Other Reportable,2017-01-31,47026,69300,22274
Other Reportable,2017-01-24,47644,72249,24605
Other Reportable,2017-01-17,46945,75207,28262
Other Reportable,2017-01-10,52126,74926,22800
Other Reportable,2017-01-03,55557,74596,19039
Other Reportable,2016-12-27,49937,69719,19782
Other Reportable,2016-12-20,49706,69950,20244
Other Reportable,2016-12-13,51271,74500,23229
Other Reportable,2016-12-06,46841,70307,23466
Other Reportable,2016-11-29,39315,63266,23951
Other Reportable,2016-11-22,37480,64827,27347
Other Reportable,2016-11-15,42674,66376,23702
Other Reportable,2016-11-08,46775,79557,32782
Other Reportable,2016-11-01,52375,87594,35219
Other Reportable,2016-10-25,60607,87997,27390
Other Reportable,2016-10-18,57635,86275,28640
Other Reportable,2016-10-11,56821,84856,28035
Other Reportable,2016-10-04,56471,84595,28124
Other Reportable,2016-09-27,49230,82059,32829
Other Reportable,2016-09-20,53521,84074,30553
Other Reportable,2016-09-13,53468,85372,31904
Other Reportable,2016-09-06,51129,85634,34505
Other Reportable,2016-08-30,53556,79533,25977
Other Reportable,2016-08-23,57745,83362,25617
Other Reportable,2016-08-16,58762,84672,25910
Other Reportable,2016-08-09,56948,84130,27182
Other Reportable,2016-08-02,58975,88045,29070
Other Reportable,2016-07-26,48575,77012,28437
Other Reportable,2016-07-19,54291,87803,33512
Other Reportable,2016-07-12,57739,90645,32906
Other Reportable,2016-07-05,60825,99194,38369
Other Reportable,2016-06-28,56604,94305,37701
Other Reportable,2016-06-21,59627,91769,32142
Other Reportable,2016-06-14,65177,99034,33857
Other Reportable,2016-06-07,64115,89627,25512
Other Reportable,2016-05-31,59861,85786,25925
Other Reportable,2016-05-24,64584,92239,27655
Other Reportable,2016-05-17,70999,102427,31428
Other Reportable,2016-05-10,67524,96897,29373
Other Reportable,2016-05-03,66258,98446,32188
Other Reportable,2016-04-26,59256,87841,28585
Other Reportable,2016-04-19,57539,88980,31441
Other Reportable,2016-04-12,58506,91678,33172
Other Reportable,2016-04-05,49760,82862,33102
Other Reportable,2016-03-29,49169,84966,35797
Other Reportable,2016-03-22,54729,92201,37472
Other Reportable,2016-03-15,56618,94843,38225
Other Reportable,2016-03-08,64591,102006,37415
Other Reportable,2016-03-01,61078,97937,36859
Other Reportable,2016-02-23,55413,93687,38274
Other Reportable,2016-02-16,54692,89691,34999
Other Reportable,2016-02-09,52474,89767,37293
Other Reportable,2016-02-02,48244,77892,29648
Other Reportable,2016-01-26,44882,76262,31380
Other Reportable,2016-01-19,45139,72998,27859
Other Reportable,2016-01-12,47345,75149,27804
Other Reportable,2016-01-05,44164,72927,28763
Other Reportable,2015-12-29,47573,73270,25697
Other Reportable,2015-12-22,47085,72425,25340
Other Reportable,2015-12-15,42194,71525,29331
Other Reportable,2015-12-08,38586,69170,30584
Other Reportable,2015-12-01,30989,67688,36699
Other Reportable,2015-11-24,34898,68151,33253
Other Reportable,2015-11-17,37952,72766,34814
Other Reportable,2015-11-10,43246,73666,30420
Other Reportable,2015-11-03,41575,71076,29501
Other Reportable,2015-10-27,42083,73189,31106
Other Reportable,2015-10-20,40996,73682,32686
Other Reportable,2015-10-13,43987,73583,29596
Other Reportable,2015-10-06,42998,73422,30424
Other Reportable,2015-09-29,36898,67210,30312
Other Reportable,2015-09-22,37837,69824,31987
Other Reportable,2015-09-15,29225,64372,35147
Other Reportable,2015-09-08,31523,65716,34193
Other Reportable,2015-09-01,33357,66533,33176
Other Reportable,2015-08-25,32445,67899,35454
Other Reportable,2015-08-18,32309,68064,35755
Other Reportable,2015-08-11,35096,73068,37972
Other Reportable,2015-08-04,37941,75277,37336
Other Reportable,2015-07-28,35212,71215,36003
Other Reportable,2015-07-21,34913,73809,38896
Other Reportable,2015-07-14,44351,76700,32349
Other Reportable,2015-07-07,43035,76536,33501
Other Reportable,2015-06-30,48292,75880,27588
Other Reportable,2015-06-23,51083,75509,24426
Other Reportable,2015-06-16,38795,64487,25692
Other Reportable,2015-06-09,34663,62829,28166
Other Reportable,2015-06-02,42730,67981,25251
Other Reportable,2015-05-26,38104,65234,27130
Other Reportable,2015-05-19,43579,68036,24457
Other Reportable,2015-05-12,46583,71597,25014
Other Reportable,2015-05-05,47420,71446,24026
Other Reportable,2015-04-28,49249,73104,23855
Other Reportable,2015-04-21,53788,76023,22235
Other Reportable,2015-04-14,51146,74058,22912
Other Reportable,2015-04-07,45580,69518,23938
Other Reportable,2015-03-31,42950,67642,24692
Other Reportable,2015-03-24,42603,68857,26254
Other Reportable,2015-03-17,34679,66055,31376
Other Reportable,2015-03-10,32304,65192,32888
Other Reportable,2015-03-03,40547,64761,24214
Other Reportable,2015-02-24,35337,60248,24911
Other Reportable,2015-02-17,36427,60729,24302
Other Reportable,2015-02-10,39019,61660,22641
Other Reportable,2015-02-03,41098,65486,24388
Other Reportable,2015-01-27,43544,72690,29146
Other Reportable,2015-01-20,42969,74954,31985
Other Reportable,2015-01-13,33823,63197,29374
Other Reportable,2015-01-06,31631,60014,28383
Other Reportable,2014-12-30,32752,58439,25687
Other Reportable,2014-12-23,32099,57283,25184
Other Reportable,2014-12-16,32636,57089,24453
Other Reportable,2014-12-09,31053,60070,29017
Other Reportable,2014-12-02,25254,55958,30704
Other Reportable,2014-11-25,25250,55221,29971
Other Reportable,2014-11-18,24569,58444,33875
Other Reportable,2014-11-11,16083,55291,39208
Other Reportable,2014-11-04,16166,53722,37556
Other Reportable,2014-10-28,34224,59813,25589
Other Reportable,2014-10-21,36006,62358,26352
Other Reportable,2014-10-14,35366,59928,24562
Other Reportable,2014-10-07,29693,54323,24630
Other Reportable,2014-09-30,29339,53201,23862
Other Reportable,2014-09-23,26490,52467,25977
Other Reportable,2014-09-16,26945,52266,25321
Other Reportable,2014-09-09,30908,55426,24518
Other Reportable,2014-09-02,31794,54172,22378
Other Reportable,2014-08-26,32897,54546,21649
Other Reportable,2014-08-19,35902,56472,20570
Other Reportable,2014-08-12,32251,54698,22447
Other Reportable,2014-08-05,29763,52031,22268
Other Reportable,2014-07-29,32681,55162,22481
Other Reportable,2014-07-22,30576,55421,24845
Other Reportable,2014-07-15,28201,54241,26040
Other Reportable,2014-07-08,25819,54125,28306
Other Reportable,2014-07-01,31375,58972,27597
Other Reportable,2014-06-24,31884,57305,25421
Other Reportable,2014-06-17,28082,50706,22624
Other Reportable,2014-06-10,24694,48859,24165
Other Reportable,2014-06-03,25831,49117,23286
Other Reportable,2014-05-27,24317,49798,25481
Other Reportable,2014-05-20,26724,50717,23993
Other Reportable,2014-05-13,24748,50395,25647
Other Reportable,2014-05-06,24251,49979,25728
Other Reportable,2014-04-29,22142,46705,24563
Other Reportable,2014-04-22,20087,45798,25711
Other Reportable,2014-04-15,23420,47944,24524
Other Reportable,2014-04-08,22395,45795,23400
Other Reportable,2014-04-01,20766,45094,24328
Other Reportable,2014-03-25,25489,47401,21912
Other Reportable,2014-03-18,33776,50946,17170
Other Reportable,2014-03-11,29260,49129,19869
Other Reportable,2014-03-04,29097,49192,20095
Other Reportable,2014-02-25,27404,48767,21363
Other Reportable,2014-02-18,28743,49671,20928
Other Reportable,2014-02-11,29698,47573,17875
Other Reportable,2014-02-04,28967,46031,17064
Other Reportable,2014-01-28,29604,47600,17996
Other Reportable,2014-01-21,28924,48430,19506
Other Reportable,2014-01-14,27687,48703,21016
Other Reportable,2014-01-07,26250,47335,21085
Other Reportable,2013-12-31,24211,45777,21566
Other Reportable,2013-12-24,25884,46502,20618
Other Reportable,2013-12-17,22003,44334,22331
Other Reportable,2013-12-10,23454,45009,21555
Other Reportable,2013-12-03,21762,44745,22983
Other Reportable,2013-11-26,20492,44419,23927
Other Reportable,2013-11-19,27549,47802,20253
Other Reportable,2013-11-12,29247,47553,18306
Other Reportable,2013-11-05,28569,47239,18670
Other Reportable,2013-10-29,27868,47480,19612
Other Reportable,2013-10-22,29089,47085,17996
Other Reportable,2013-10-15,21586,44639,23053
Other Reportable,2013-10-08,25376,45227,19851
Other Reportable,2013-10-01,24564,46475,21911
Other Reportable,2013-09-24,21295,44229,22934
Other Reportable,2013-09-17,23716,45451,21735
Other Reportable,2013-09-10,25736,45717,19981
Other Reportable,2013-09-03,26268,50144,23876
Other Reportable,2013-08-27,28315,50526,22211
Other Reportable,2013-08-20,29680,50297,20617
Other Reportable,2013-08-13,25679,46385,20706
Other Reportable,2013-08-06,24792,45694,20902
Other Reportable,2013-07-30,-13656,45596,59252
Other Reportable,2013-07-23,-12289,47857,60146
Other Reportable,2013-07-16,-14403,45900,60303
Other Reportable,2013-07-09,-7845,48023,55868
Other Reportable,2013-07-02,-3013,48456,51469
Other Reportable,2013-06-25,1672,49937,48265
Other Reportable,2013-06-18,4392,50248,45856
Other Reportable,2013-06-11,5448,51416,45968
Other Reportable,2013-06-04,7741,51699,43958
Other Reportable,2013-05-28,7107,49113,42006
Other Reportable,2013-05-21,26247,46035,19788
Other Reportable,2013-05-14,29727,49635,19908
Other Reportable,2013-05-07,29612,51932,22320
Other Reportable,2013-04-30,31128,53836,22708
Other Reportable,2013-04-23,37523,58702,21179
Other Reportable,2013-04-16,44498,63375,18877
Other Reportable,2013-04-09,56468,74659,18191
Other Reportable,2013-04-02,63296,78060,14764
Other Reportable,2013-03-26,67606,78685,11079
Other Reportable,2013-03-19,57804,72338,14534
Other Reportable,2013-03-12,59099,75807,16708
Other Reportable,2013-03-05,55381,74297,18916
Other Reportable,2013-02-26,59459,81085,21626
Other Reportable,2013-02-19,56061,81392,25331
Other Reportable,2013-02-12,58331,77035,18704
Other Reportable,2013-02-05,57570,75059,17489
Other Reportable,2013-01-29,48989,66242,17253
Other Reportable,2013-01-22,51688,67782,16094
Other Reportable,2013-01-15,51760,69263,17503
Other Reportable,2013-01-08,51538,70337,18799
Other Reportable,2012-12-31,47905,68627,20722
Other Reportable,2012-12-24,47225,64512,17287
Other Reportable,2012-12-18,47087,67062,19975
Other Reportable,2012-12-11,46182,64254,18072
Other Reportable,2012-12-04,46229,63039,16810
Other Reportable,2012-11-27,50153,66367,16214
Other Reportable,2012-11-20,53698,70931,17233
Other Reportable,2012-11-13,54841,70241,15400
Other Reportable,2012-11-06,53558,68378,14820
Other Reportable,2012-10-30,43541,59156,15615
Other Reportable,2012-10-23,42749,59918,17169
Other Reportable,2012-10-16,41689,60498,18809
Other Reportable,2012-10-09,46103,64902,18799
Other Reportable,2012-10-02,44293,62193,17900
Other Reportable,2012-09-25,44743,62103,17360
Other Reportable,2012-09-18,42841,63370,20529
Other Reportable,2012-09-11,38199,60000,21801
Other Reportable,2012-09-04,39949,61315,21366
Other Reportable,2012-08-28,35432,58650,23218
Other Reportable,2012-08-21,29502,52313,22811
Other Reportable,2012-08-14,36167,56263,20096
Other Reportable,2012-08-07,33500,55410,21910
Other Reportable,2012-07-31,32636,55436,22800
Other Reportable,2012-07-24,31664,50640,18976
Other Reportable,2012-07-17,27970,50930,22960
Other Reportable,2012-07-10,29808,51067,21259
Other Reportable,2012-07-03,28958,49239,20281
Other Reportable,2012-06-26,31595,51563,19968
Other Reportable,2012-06-19,33365,54117,20752
Other Reportable,2012-06-12,33238,51043,17805
Other Reportable,2012-06-05,30997,52204,21207
Other Reportable,2012-05-29,24141,43670,19529
Other Reportable,2012-05-22,29677,46575,16898
Other Reportable,2012-05-15,25205,43834,18629
Other Reportable,2012-05-08,28481,49410,20929
Other Reportable,2012-05-01,31314,49106,17792
Other Reportable,2012-04-24,31849,48527,16678
Other Reportable,2012-04-17,34558,49320,14762
Other Reportable,2012-04-10,34188,50368,16180
Other Reportable,2012-04-03,31414,49158,17744
Other Reportable,2012-03-27,29579,48554,18975
Other Reportable,2012-03-20,24875,45076,20201
Other Reportable,2012-03-13,24777,45313,20536
Other Reportable,2012-03-06,26026,43924,17898
Other Reportable,2012-02-28,23990,48292,24302
Other Reportable,2012-02-21,22505,45114,22609
Other Reportable,2012-02-14,20844,42855,22011
Other Reportable,2012-02-07,22519,43960,21441
Other Reportable,2012-01-31,28677,45995,17318
Other Reportable,2012-01-24,28090,44049,15959
Other Reportable,2012-01-17,29029,44198,15169
Other Reportable,2012-01-10,28937,43714,14777
Other Reportable,2012-01-03,25192,42384,17192
Other Reportable,2011-12-27,23987,41904,17917
Other Reportable,2011-12-20,23753,43588,19835
Other Reportable,2011-12-13,28051,44874,16823
Other Reportable,2011-12-06,31120,47173,16053
Other Reportable,2011-11-29,28030,44257,16227
Other Reportable,2011-11-22,29545,46572,17027
Other Reportable,2011-11-15,32166,47342,15176
Other Reportable,2011-11-08,33952,48963,15011
Other Reportable,2011-11-01,29776,43184,13408
Other Reportable,2011-10-25,29496,44665,15169
Other Reportable,2011-10-18,32296,46764,14468
Other Reportable,2011-10-11,36385,50588,14203
Other Reportable,2011-10-04,35065,51710,16645
Other Reportable,2011-09-27,29252,51451,22199
Other Reportable,2011-09-20,42710,61565,18855
Other Reportable,2011-09-13,38961,61732,22771
Other Reportable,2011-09-06,43660,64274,20614
Other Reportable,2011-08-30,37265,56302,19037
Other Reportable,2011-08-23,46674,66401,19727
Other Reportable,2011-08-16,39511,60677,21166
Other Reportable,2011-08-09,40608,63167,22559
Other Reportable,2011-08-02,35597,60750,25153
Other Reportable,2011-07-26,36233,62896,26663
Other Reportable,2011-07-19,24744,59465,34721
Other Reportable,2011-07-12,14009,53774,39765
Other Reportable,2011-07-05,9332,44191,34859
Other Reportable,2011-06-28,13201,45638,32437
Other Reportable,2011-06-21,12287,47521,35234
Other Reportable,2011-06-14,18032,47915,29883
Other Reportable,2011-06-07,15074,46307,31233
Other Reportable,2011-05-31,16191,49134,32943
Other Reportable,2011-05-24,15001,48129,33128
Other Reportable,2011-05-17,9595,44723,35128
Other Reportable,2011-05-10,14357,50912,36555
Other Reportable,2011-05-03,18249,55911,37662
Other Reportable,2011-04-26,17762,56854,39092
Other Reportable,2011-04-19,23133,59571,36438
Other Reportable,2011-04-12,17797,54163,36366
Other Reportable,2011-04-05,13891,49230,35339
Other Reportable,2011-03-29,14671,47544,32873
Other Reportable,2011-03-22,21332,52285,30953
Other Reportable,2011-03-15,21707,57221,35514
Other Reportable,2011-03-08,26852,62111,35259
Other Reportable,2011-03-01,29241,64564,35323
Other Reportable,2011-02-22,30510,66375,35865
Other Reportable,2011-02-15,39611,70800,31189
Other Reportable,2011-02-08,45435,72703,27268
Other Reportable,2011-02-01,45913,72727,26814
Other Reportable,2011-01-25,46165,74550,28385
Other Reportable,2011-01-18,54961,81894,26933
Other Reportable,2011-01-11,57650,77085,19435
Other Reportable,2011-01-04,66064,81822,15758
Other Reportable,2010-12-28,67694,81437,13743
Other Reportable,2010-12-21,68746,82260,13514
Other Reportable,2010-12-14,67666,80690,13024
Other Reportable,2010-12-07,67691,83182,15491
Other Reportable,2010-11-30,62083,81000,18917
Other Reportable,2010-11-23,59974,78391,18417
Other Reportable,2010-11-16,66285,84945,18660
Other Reportable,2010-11-09,66305,89226,22921
Other Reportable,2010-11-02,48836,71845,23009
Other Reportable,2010-10-26,53511,74637,21126
Other Reportable,2010-10-19,57855,81841,23986
Other Reportable,2010-10-12,52711,78301,25590
Other Reportable,2010-10-05,58188,83363,25175
Other Reportable,2010-09-28,48160,73513,25353
Other Reportable,2010-09-21,49159,72140,22981
Other Reportable,2010-09-14,44605,68446,23841
Other Reportable,2010-09-07,45735,67420,21685
Other Reportable,2010-08-31,44649,64743,20094
Other Reportable,2010-08-24,42984,61640,18656
Other Reportable,2010-08-17,44688,64147,19459
Other Reportable,2010-08-10,46842,60823,13981
Other Reportable,2010-08-03,43137,58794,15657
Other Reportable,2010-07-27,48350,64926,16576
Other Reportable,2010-07-20,46101,61673,15572
Other Reportable,2010-07-13,44895,60571,15676
Other Reportable,2010-07-06,42747,61869,19122
Other Reportable,2010-06-29,50361,67024,16663
Other Reportable,2010-06-22,46372,66123,19751
Other Reportable,2010-06-15,48267,67628,19361
Other Reportable,2010-06-08,45344,65767,20423
Other Reportable,2010-06-01,43780,63294,19514
Other Reportable,2010-05-25,42302,63070,20768
Other Reportable,2010-05-18,44347,62896,18549
Other Reportable,2010-05-11,49114,69609,20495
Other Reportable,2010-05-04,46851,66511,19660
Other Reportable,2010-04-27,40743,62381,21638
Other Reportable,2010-04-20,36826,54010,17184
Other Reportable,2010-04-13,46021,67960,21939
Other Reportable,2010-04-06,45469,67637,22168
Other Reportable,2010-03-30,37385,55920,18535
Other Reportable,2010-03-23,41453,60128,18675
Other Reportable,2010-03-16,44314,65261,20947
Other Reportable,2010-03-09,45918,65852,19934
Other Reportable,2010-03-02,43031,62600,19569
Other Reportable,2010-02-23,44141,64607,20466
Other Reportable,2010-02-16,34037,56321,22284
Other Reportable,2010-02-09,33022,57758,24736
Other Reportable,2010-02-02,41197,62566,21369
Other Reportable,2010-01-26,46774,67775,21001
Other Reportable,2010-01-19,45508,64543,19035
Other Reportable,2010-01-12,54015,71908,17893
Other Reportable,2010-01-05,47818,66744,18926
Other Reportable,2009-12-29,44386,64083,19697
Other Reportable,2009-12-22,47550,69232,21682
Other Reportable,2009-12-15,56654,76319,19665
Other Reportable,2009-12-08,52122,76714,24592
Other Reportable,2009-12-01,47483,73133,25650
Other Reportable,2009-11-24,44597,69693,25096
Other Reportable,2009-11-17,41096,66314,25218
Other Reportable,2009-11-09,41054,65970,24916
Other Reportable,2009-11-03,38864,60878,22014
Other Reportable,2009-10-27,45114,63583,18469
Other Reportable,2009-10-20,40217,60682,20465
Other Reportable,2009-10-13,41682,64197,22515
Other Reportable,2009-10-06,39103,60156,21053
Other Reportable,2009-09-29,40979,57577,16598
Other Reportable,2009-09-22,41292,59651,18359
Other Reportable,2009-09-15,41343,59292,17949
Other Reportable,2009-09-08,43518,60043,16525
Other Reportable,2009-09-01,36263,50585,14322
Other Reportable,2009-08-25,35171,49613,14442
Other Reportable,2009-08-18,36368,49319,12951
Other Reportable,2009-08-11,30987,44455,13468
Other Reportable,2009-08-04,26962,42452,15490
Other Reportable,2009-07-28,22979,41537,18558
Other Reportable,2009-07-21,22384,41299,18915
Other Reportable,2009-07-14,22623,41767,19144
Other Reportable,2009-07-07,22889,43631,20742
Other Reportable,2009-06-30,23542,43566,20024
Other Reportable,2009-06-23,23197,43152,19955
Other Reportable,2009-06-16,26085,46621,20536
Other Reportable,2009-06-09,29070,47701,18631
Other Reportable,2009-06-02,37868,54817,16949
Other Reportable,2009-05-26,35859,54267,18408
Other Reportable,2009-05-19,31134,47576,16442
Other Reportable,2009-05-12,20474,48637,28163
Other Reportable,2009-05-05,18221,43852,25631
Other Reportable,2009-04-28,23820,42034,18214
Other Reportable,2009-04-21,16764,37132,20368
Other Reportable,2009-04-14,22004,39015,17011
Other Reportable,2009-04-07,20781,37634,16853
Other Reportable,2009-03-31,31135,44910,13775
Other Reportable,2009-03-24,31883,44379,12496
Other Reportable,2009-03-17,26738,40955,14217
Other Reportable,2009-03-10,19028,41279,22251
Other Reportable,2009-03-03,29049,47847,18798
Other Reportable,2009-02-24,38881,59116,20235
Other Reportable,2009-02-17,49180,60116,10936
Other Reportable,2009-02-10,43602,53939,10337
Other Reportable,2009-02-03,39433,50733,11300
Other Reportable,2009-01-27,36959,46878,9919
Other Reportable,2009-01-20,33090,42972,9882
Other Reportable,2009-01-13,37459,45378,7919
Other Reportable,2009-01-06,37275,45794,8519
Other Reportable,2008-12-30,37368,45836,8468
Other Reportable,2008-12-22,34730,42354,7624
Other Reportable,2008-12-16,36773,42692,5919
Other Reportable,2008-12-09,23248,33595,10347
Other Reportable,2008-12-02,22394,35543,13149
Other Reportable,2008-11-25,24250,37373,13123
Other Reportable,2008-11-18,10581,30931,20350
Other Reportable,2008-11-11,10101,31765,21664
Other Reportable,2008-11-04,9512,30593,21081
Other Reportable,2008-10-28,19737,32509,12772
Other Reportable,2008-10-21,28025,33112,5087
Other Reportable,2008-10-14,27732,34249,6517
Other Reportable,2008-10-07,35017,39691,4674
Other Reportable,2008-09-30,33598,40378,6780
Other Reportable,2008-09-23,37275,47262,9987
Other Reportable,2008-09-16,27513,40290,12777
Other Reportable,2008-09-09,25576,35067,9491
Other Reportable,2008-09-02,28084,37443,9359
Other Reportable,2008-08-26,27926,39923,11997
Other Reportable,2008-08-19,28649,39252,10603
Other Reportable,2008-08-12,29839,41827,11988
Other Reportable,2008-08-05,29772,43004,13232
Other Reportable,2008-07-29,37772,50756,12984
Other Reportable,2008-07-22,40005,54391,14386
Other Reportable,2008-07-15,43387,58165,14778
Other Reportable,2008-07-08,32312,47167,14855
Other Reportable,2008-07-01,30455,46325,15870
Other Reportable,2008-06-24,30918,42592,11674
Other Reportable,2008-06-17,31641,40007,8366
Other Reportable,2008-06-10,32427,40547,8120
Other Reportable,2008-06-03,31932,39200,7268
Other Reportable,2008-05-27,39827,48411,8584
Other Reportable,2008-05-20,29866,41871,12005
Other Reportable,2008-05-13,29163,38806,9643
Other Reportable,2008-05-06,26814,35830,9016
Other Reportable,2008-04-29,26361,37200,10839
Other Reportable,2008-04-22,26528,40742,14214
Other Reportable,2008-04-15,30905,43030,12125
Other Reportable,2008-04-08,32118,42652,10534
Other Reportable,2008-04-01,29836,41615,11779
Other Reportable,2008-03-25,28818,43822,15004
Other Reportable,2008-03-18,30039,47581,17542
Other Reportable,2008-03-11,30668,48905,18237
Other Reportable,2008-03-04,27363,47994,20631
Other Reportable,2008-02-26,30390,52827,22437
Other Reportable,2008-02-19,30492,47579,17087
Other Reportable,2008-02-12,35952,48280,12328
Other Reportable,2008-02-05,32094,43747,11653
Other Reportable,2008-01-29,33294,45151,11857
Other Reportable,2008-01-22,29080,41037,11957
Other Reportable,2008-01-15,33627,44564,10937
Other Reportable,2008-01-08,31586,43055,11469
Other Reportable,2007-12-31,33409,44032,10623
Other Reportable,2007-12-24,35689,45373,9684
Other Reportable,2007-12-18,32015,42031,10016
Other Reportable,2007-12-11,30150,40416,10266
Other Reportable,2007-12-04,31785,41215,9430
Other Reportable,2007-11-27,31652,44149,12497
Other Reportable,2007-11-20,25015,35131,10116
Other Reportable,2007-11-13,28240,37814,9574
Other Reportable,2007-11-06,29645,38300,8655
Other Reportable,2007-10-30,28776,37772,8996
Other Reportable,2007-10-23,30152,39528,9376
Other Reportable,2007-10-16,34734,45041,10307
Other Reportable,2007-10-09,33703,43667,9964
Other Reportable,2007-10-02,34651,43990,9339
Other Reportable,2007-09-25,38645,48089,9444
Other Reportable,2007-09-18,28055,40760,12705
Other Reportable,2007-09-11,30530,45946,15416
Other Reportable,2007-09-04,25536,40962,15426
Other Reportable,2007-08-28,27671,36699,9028
Other Reportable,2007-08-21,25613,35112,9499
Other Reportable,2007-08-14,29840,40721,10881
Other Reportable,2007-08-07,26704,37917,11213
Other Reportable,2007-07-31,25759,36541,10782
Other Reportable,2007-07-24,29101,39545,10444
Other Reportable,2007-07-17,34944,41246,6302
Other Reportable,2007-07-10,34579,40564,5985
Other Reportable,2007-07-03,31975,39725,7750
Other Reportable,2007-06-26,38936,46816,7880
Other Reportable,2007-06-19,35984,44491,8507
Other Reportable,2007-06-12,35444,44274,8830
Other Reportable,2007-06-05,35712,42242,6530
Other Reportable,2007-05-29,33896,43179,9283
Other Reportable,2007-05-22,36411,47005,10594
Other Reportable,2007-05-15,33818,42289,8471
Other Reportable,2007-05-08,29939,39133,9194
Other Reportable,2007-05-01,32603,40660,8057
Other Reportable,2007-04-24,36673,43591,6918
Other Reportable,2007-04-17,34375,44557,10182
Other Reportable,2007-04-10,33245,42436,9191
Other Reportable,2007-04-03,29122,38242,9120
Other Reportable,2007-03-27,31181,37323,6142
Other Reportable,2007-03-20,31524,38492,6968
Other Reportable,2007-03-13,33500,40182,6682
Other Reportable,2007-03-06,37191,42914,5723
Other Reportable,2007-02-27,32522,41524,9002
Other Reportable,2007-02-20,39596,44786,5190
Other Reportable,2007-02-13,33025,43595,10570
Other Reportable,2007-02-06,31955,41638,9683
Other Reportable,2007-01-30,33179,42746,9567
Other Reportable,2007-01-23,30817,41420,10603
Other Reportable,2007-01-16,29488,38574,9086
Other Reportable,2007-01-09,27284,35992,8708
Other Reportable,2007-01-03,30584,39645,9061
Other Reportable,2006-12-26,29886,37763,7877
Other Reportable,2006-12-19,28644,36613,7969
Other Reportable,2006-12-12,30267,37573,7306
Other Reportable,2006-12-05,30382,37523,7141
Other Reportable,2006-11-28,33918,41021,7103
Other Reportable,2006-11-21,31792,37885,6093
Other Reportable,2006-11-14,33750,40068,6318
Other Reportable,2006-11-07,30054,36424,6370
Other Reportable,2006-10-31,35233,38742,3509
Other Reportable,2006-10-24,37791,42341,4550
Other Reportable,2006-10-17,31540,35555,4015
Other Reportable,2006-10-10,30743,35107,4364
Other Reportable,2006-10-03,29732,34112,4380
Other Reportable,2006-09-26,28332,32245,3913
Other Reportable,2006-09-19,27215,34606,7391
Other Reportable,2006-09-12,29091,35724,6633
Other Reportable,2006-09-05,32784,38744,5960
Other Reportable,2006-08-29,32130,37506,5376
Other Reportable,2006-08-22,29850,36185,6335
Other Reportable,2006-08-15,27208,33047,5839
Other Reportable,2006-08-08,26634,33123,6489
Other Reportable,2006-08-01,27437,32195,4758
Other Reportable,2006-07-25,23496,29740,6244
Other Reportable,2006-07-18,22318,31760,9442
Other Reportable,2006-07-11,21971,33165,11194
Other Reportable,2006-07-03,24197,32874,8677
Other Reportable,2006-06-27,19921,31307,11386
Other Reportable,2006-06-20,21805,32947,11142
Other Reportable,2006-06-13,22574,33230,10656
Non Reportable,2024-10-08,26793,58287,31494
Non Reportable,2024-10-01,27311,60321,33010
Non Reportable,2024-09-24,23587,61370,37783
Non Reportable,2024-09-17,25150,60413,35263
Non Reportable,2024-09-10,24231,56963,32732
Non Reportable,2024-09-03,25342,57589,32247
Non Reportable,2024-08-27,27518,61305,33787
Non Reportable,2024-08-20,24723,59967,35244
Non Reportable,2024-08-13,25728,57045,31317
Non Reportable,2024-08-06,31331,57795,26464
Non Reportable,2024-07-30,27009,56284,29275
Non Reportable,2024-07-23,28605,60938,32333
Non Reportable,2024-07-16,23606,63724,40118
Non Reportable,2024-07-09,26872,57902,31030
Non Reportable,2024-06-25,26537,55149,28612
Non Reportable,2024-06-18,25407,54092,28685
Non Reportable,2024-06-11,27828,57508,29680
Non Reportable,2024-06-04,29558,56923,27365
Non Reportable,2024-05-28,24714,58346,33632
Non Reportable,2024-05-21,29839,64793,34954
Non Reportable,2024-05-14,27654,60549,32895
Non Reportable,2024-05-07,27532,61878,34346
Non Reportable,2024-04-30,23315,58166,34851
Non Reportable,2024-04-23,23706,57344,33638
Non Reportable,2024-04-16,21059,60615,39556
Non Reportable,2024-04-09,20599,60049,39450
Non Reportable,2024-04-02,16440,56390,39950
Non Reportable,2024-03-26,18244,54155,35911
Non Reportable,2024-03-19,14433,56357,41924
Non Reportable,2024-03-12,14449,55158,40709
Non Reportable,2024-03-05,13374,51707,38333
Non Reportable,2024-02-27,16509,43602,27093
Non Reportable,2024-02-20,18521,46683,28162
Non Reportable,2024-02-13,23181,50522,27341
Non Reportable,2024-02-06,18727,47131,28404
Non Reportable,2024-01-30,22947,50461,27514
Non Reportable,2024-01-23,23285,51175,27890
Non Reportable,2024-01-16,28720,55368,26648
Non Reportable,2024-01-09,29987,56129,26142
Non Reportable,2024-01-02,28069,55023,26954
Non Reportable,2023-12-26,25210,54026,28816
Non Reportable,2023-12-19,26579,54409,27830
Non Reportable,2023-12-12,25927,52563,26636
Non Reportable,2023-12-05,24507,54175,29668
Non Reportable,2023-11-28,18352,51185,32833
Non Reportable,2023-11-21,17937,49132,31195
Non Reportable,2023-11-14,21482,50527,29045
Non Reportable,2023-11-07,20294,51031,30737
Non Reportable,2023-10-31,19130,51160,32030
Non Reportable,2023-10-24,16533,49719,33186
Non Reportable,2023-10-17,15944,47702,31758
Non Reportable,2023-10-10,21051,51872,30821
Non Reportable,2023-10-03,23757,53290,29533
Non Reportable,2023-09-26,20350,50808,30458
Non Reportable,2023-09-19,18720,49473,30753
Non Reportable,2023-09-12,21796,51655,29859
Non Reportable,2023-09-05,20936,50906,29970
Non Reportable,2023-08-29,17737,48855,31118
Non Reportable,2023-08-22,20518,52057,31539
Non Reportable,2023-08-15,22075,50232,28157
Non Reportable,2023-08-08,25607,50218,24611
Non Reportable,2023-08-01,22795,47996,25201
Non Reportable,2023-07-25,24308,51710,27402
Non Reportable,2023-07-18,19991,51243,31252
Non Reportable,2023-07-11,22249,51723,29474
Non Reportable,2023-07-03,21836,50276,28440
Non Reportable,2023-06-27,23998,52985,28987
Non Reportable,2023-06-20,24082,52304,28222
Non Reportable,2023-06-13,26359,53614,27255
Non Reportable,2023-06-06,22211,52130,29919
Non Reportable,2023-05-30,20966,48576,27610
Non Reportable,2023-05-23,26528,55031,28503
Non Reportable,2023-05-16,32291,60784,28493
Non Reportable,2023-05-09,26443,57903,31460
Non Reportable,2023-05-02,21885,53189,31304
Non Reportable,2023-04-25,26983,56424,29441
Non Reportable,2023-04-18,26583,56857,30274
Non Reportable,2023-04-11,23601,55001,31400
Non Reportable,2023-04-04,21991,54592,32601
Non Reportable,2023-03-28,19260,52081,32821
Non Reportable,2023-03-21,24481,53506,29025
Non Reportable,2023-03-14,14129,47379,33250
Non Reportable,2023-03-07,21776,48875,27099
Non Reportable,2023-02-28,19431,46512,27081
Non Reportable,2023-02-21,23218,49005,25787
Non Reportable,2023-02-14,24289,50348,26059
Non Reportable,2023-02-07,24662,52759,28097
Non Reportable,2023-01-31,20238,49336,29098
Non Reportable,2023-01-24,22155,53397,31242
Non Reportable,2023-01-17,22152,53572,31420
Non Reportable,2023-01-10,21439,50952,29513
Non Reportable,2023-01-03,18083,46738,28655
Non Reportable,2022-12-27,16722,43146,26424
Non Reportable,2022-12-20,13425,43594,30169
Non Reportable,2022-12-13,12709,42463,29754
Non Reportable,2022-12-06,15405,42412,27007
Non Reportable,2022-11-29,9531,38116,28585
Non Reportable,2022-11-22,14410,43687,29277
Non Reportable,2022-11-15,8102,42218,34116
Non Reportable,2022-11-08,9070,43173,34103
Non Reportable,2022-11-01,11013,42860,31847
Non Reportable,2022-10-25,13138,44543,31405
Non Reportable,2022-10-18,14008,44214,30206
Non Reportable,2022-10-11,9989,42003,32014
Non Reportable,2022-10-04,7937,41462,33525
Non Reportable,2022-09-27,11026,44889,33863
Non Reportable,2022-09-20,11388,46249,34861
Non Reportable,2022-09-13,14997,45490,30493
Non Reportable,2022-09-06,11405,43610,32205
Non Reportable,2022-08-30,12678,43057,30379
Non Reportable,2022-08-23,12550,42570,30020
Non Reportable,2022-08-16,13302,42491,29189
Non Reportable,2022-08-09,12043,42307,30264
Non Reportable,2022-08-02,11778,41782,30004
Non Reportable,2022-07-26,16237,47258,31021
Non Reportable,2022-07-19,18047,49210,31163
Non Reportable,2022-07-12,19738,58095,38357
Non Reportable,2022-07-05,20626,49381,28755
Non Reportable,2022-06-28,24835,49432,24597
Non Reportable,2022-06-21,24569,49078,24509
Non Reportable,2022-06-14,25478,51202,25724
Non Reportable,2022-06-07,25360,48136,22776
Non Reportable,2022-05-31,28219,50723,22504
Non Reportable,2022-05-24,28915,52585,23670
Non Reportable,2022-05-17,32460,56427,23967
Non Reportable,2022-05-10,35230,57974,22744
Non Reportable,2022-05-03,33126,56803,23677
Non Reportable,2022-04-26,31513,56186,24673
Non Reportable,2022-04-19,35623,60497,24874
Non Reportable,2022-04-12,32310,61131,28821
Non Reportable,2022-04-05,32885,56951,24066
Non Reportable,2022-03-29,28040,54423,26383
Non Reportable,2022-03-22,33488,59072,25584
Non Reportable,2022-03-15,35773,60541,24768
Non Reportable,2022-03-08,31558,63342,31784
Non Reportable,2022-03-01,27213,55904,28691
Non Reportable,2022-02-22,25667,54293,28626
Non Reportable,2022-02-15,24920,51219,26299
Non Reportable,2022-02-08,24688,49040,24352
Non Reportable,2022-02-01,29396,50917,21521
Non Reportable,2022-01-25,29549,55793,26244
Non Reportable,2022-01-18,27165,51417,24252
Non Reportable,2022-01-11,25644,52430,26786
Non Reportable,2022-01-04,26262,49140,22878
Non Reportable,2021-12-28,32616,54357,21741
Non Reportable,2021-12-21,30630,53254,22624
Non Reportable,2021-12-14,29562,53113,23551
Non Reportable,2021-12-07,28925,51517,22592
Non Reportable,2021-11-30,33581,56223,22642
Non Reportable,2021-11-23,34443,59756,25313
Non Reportable,2021-11-16,28022,57711,29689
Non Reportable,2021-11-09,25210,55198,29988
Non Reportable,2021-11-02,25708,50485,24777
Non Reportable,2021-10-26,26001,52087,26086
Non Reportable,2021-10-19,26749,50809,24060
Non Reportable,2021-10-12,22779,48346,25567
Non Reportable,2021-10-05,22297,48754,26457
Non Reportable,2021-09-28,23120,49595,26475
Non Reportable,2021-09-21,25806,51112,25306
Non Reportable,2021-09-14,27062,51643,24581
Non Reportable,2021-09-07,31238,54278,23040
Non Reportable,2021-08-31,25012,48350,23338
Non Reportable,2021-08-24,24662,49603,24941
Non Reportable,2021-08-17,23920,50438,26518
Non Reportable,2021-08-10,29536,54601,25065
Non Reportable,2021-08-03,34949,51591,16642
Non Reportable,2021-07-27,31486,53394,21908
Non Reportable,2021-07-20,34905,55962,21057
Non Reportable,2021-07-13,32887,57143,24256
Non Reportable,2021-07-06,34464,56896,22432
Non Reportable,2021-06-29,35503,58034,22531
Non Reportable,2021-06-22,39168,60789,21621
Non Reportable,2021-06-08,37387,59986,22599
Non Reportable,2021-06-01,36472,59922,23450
Non Reportable,2021-05-25,38409,66071,27662
Non Reportable,2021-05-18,37868,65069,27201
Non Reportable,2021-05-11,37643,62037,24394
Non Reportable,2021-05-04,33643,57188,23545
Non Reportable,2021-04-27,38395,59617,21222
Non Reportable,2021-04-20,33808,57134,23326
Non Reportable,2021-04-13,29662,53588,23926
Non Reportable,2021-04-06,26687,51580,24893
Non Reportable,2021-03-30,28173,54717,26544
Non Reportable,2021-03-23,29652,56185,26533
Non Reportable,2021-03-16,30603,56457,25854
Non Reportable,2021-03-09,34166,61057,26891
Non Reportable,2021-03-02,34512,60352,25840
Non Reportable,2021-02-23,37251,60808,23557
Non Reportable,2021-02-16,42413,65806,23393
Non Reportable,2021-02-09,42483,63797,21314
Non Reportable,2021-02-02,42739,65031,22292
Non Reportable,2021-01-26,42660,65380,22720
Non Reportable,2021-01-19,42529,66806,24277
Non Reportable,2021-01-12,45562,69405,23843
Non Reportable,2021-01-05,42638,67781,25143
Non Reportable,2020-12-29,39881,63778,23897
Non Reportable,2020-12-21,38477,64908,26431
Non Reportable,2020-12-15,36079,63022,26943
Non Reportable,2020-12-08,32413,61949,29536
Non Reportable,2020-12-01,34832,61784,26952
Non Reportable,2020-11-24,43282,71277,27995
Non Reportable,2020-11-17,44758,69721,24963
Non Reportable,2020-11-10,45404,70417,25013
Non Reportable,2020-11-03,47812,72971,25159
Non Reportable,2020-10-27,49474,76175,26701
Non Reportable,2020-10-20,46076,72334,26258
Non Reportable,2020-10-13,46165,75763,29598
Non Reportable,2020-10-06,41884,74036,32152
Non Reportable,2020-09-29,44556,72319,27763
Non Reportable,2020-09-22,49677,77532,27855
Non Reportable,2020-09-15,46648,76493,29845
Non Reportable,2020-09-08,46500,75427,28927
Non Reportable,2020-09-01,48845,77926,29081
Non Reportable,2020-08-25,48251,75821,27570
Non Reportable,2020-08-18,45804,76775,30971
Non Reportable,2020-08-11,46681,77894,31213
Non Reportable,2020-08-04,38403,75544,37141
Non Reportable,2020-07-28,42851,73497,30646
Non Reportable,2020-07-21,39103,75032,35929
Non Reportable,2020-07-14,41196,71632,30436
Non Reportable,2020-07-07,36896,70524,33628
Non Reportable,2020-06-30,36542,69394,32852
Non Reportable,2020-06-23,36585,69230,32645
Non Reportable,2020-06-16,35302,61700,26398
Non Reportable,2020-06-09,36198,61020,24822
Non Reportable,2020-06-02,38889,63960,25071
Non Reportable,2020-05-26,37610,64405,26795
Non Reportable,2020-05-19,39265,66594,27329
Non Reportable,2020-05-12,37355,64444,27089
Non Reportable,2020-05-05,33206,61103,27897
Non Reportable,2020-04-28,32205,60116,27911
Non Reportable,2020-04-21,31917,60521,28604
Non Reportable,2020-04-14,26558,60784,34226
Non Reportable,2020-04-07,28179,58178,29999
Non Reportable,2020-03-31,26708,53609,26901
Non Reportable,2020-03-24,23895,57672,33777
Non Reportable,2020-03-17,22608,61189,38581
Non Reportable,2020-03-10,29683,68974,39291
Non Reportable,2020-03-03,32345,71248,38903
Non Reportable,2020-02-25,40340,84253,43913
Non Reportable,2020-02-18,32861,72568,39707
Non Reportable,2020-02-11,30907,67136,36229
Non Reportable,2020-02-04,33381,67435,34054
Non Reportable,2020-01-28,31731,67222,35491
Non Reportable,2020-01-21,34579,73123,38544
Non Reportable,2020-01-14,30709,69546,38837
Non Reportable,2020-01-07,34034,68904,34870
Non Reportable,2019-12-31,40813,68735,27922
Non Reportable,2019-12-24,36970,66473,29503
Non Reportable,2019-12-17,34098,61793,27695
Non Reportable,2019-12-10,33488,62374,28886
Non Reportable,2019-12-03,34114,63579,29465
Non Reportable,2019-11-26,35210,64234,29024
Non Reportable,2019-11-19,36224,73604,37380
Non Reportable,2019-11-12,37433,75779,38346
Non Reportable,2019-11-05,39872,72431,32559
Non Reportable,2019-10-29,26462,71814,45352
Non Reportable,2019-10-22,37551,70978,33427
Non Reportable,2019-10-15,36711,70526,33815
Non Reportable,2019-10-08,36382,68685,32303
Non Reportable,2019-10-01,35928,67879,31951
Non Reportable,2019-09-24,34039,71172,37133
Non Reportable,2019-09-17,36417,68378,31961
Non Reportable,2019-09-10,37247,70968,33721
Non Reportable,2019-09-03,36913,74142,37229
Non Reportable,2019-08-27,37450,77998,40548
Non Reportable,2019-08-20,36463,71431,34968
Non Reportable,2019-08-13,34427,71493,37066
Non Reportable,2019-08-06,32058,69720,37662
Non Reportable,2019-07-30,34576,70362,35786
Non Reportable,2019-07-23,38590,81305,42715
Non Reportable,2019-07-16,33798,76286,42488
Non Reportable,2019-07-09,35653,74375,38722
Non Reportable,2019-07-02,29935,69843,39908
Non Reportable,2019-06-25,23945,67777,43832
Non Reportable,2019-06-18,20066,59159,39093
Non Reportable,2019-06-11,18465,54603,36138
Non Reportable,2019-06-04,17029,56637,39608
Non Reportable,2019-05-28,23198,57955,34757
Non Reportable,2019-05-21,21496,60075,38579
Non Reportable,2019-05-14,12554,60155,47601
Non Reportable,2019-05-07,22290,54349,32059
Non Reportable,2019-04-30,23533,54280,30747
Non Reportable,2019-04-23,21739,55707,33968
Non Reportable,2019-04-16,24698,60070,35372
Non Reportable,2019-04-09,29098,59858,30760
Non Reportable,2019-04-02,25182,55415,30233
Non Reportable,2019-03-26,33023,69217,36194
Non Reportable,2019-03-19,29779,60272,30493
Non Reportable,2019-03-12,31516,63716,32200
Non Reportable,2019-03-05,27153,58994,31841
Non Reportable,2019-02-26,25324,57640,32316
Non Reportable,2019-02-19,21744,56919,35175
Non Reportable,2019-02-12,22542,53947,31405
Non Reportable,2019-02-05,23320,55494,32174
Non Reportable,2019-01-29,19839,53669,33830
Non Reportable,2019-01-22,18776,59553,40777
Non Reportable,2019-01-15,20889,54151,33262
Non Reportable,2019-01-08,22481,53455,30974
Non Reportable,2018-12-31,21742,51949,30207
Non Reportable,2018-12-24,18242,50154,31912
Non Reportable,2018-12-18,18196,50287,32091
Non Reportable,2018-12-11,17819,50315,32496
Non Reportable,2018-12-04,10500,44397,33897
Non Reportable,2018-11-27,14073,49060,34987
Non Reportable,2018-11-20,15728,49513,33785
Non Reportable,2018-11-13,12897,52585,39688
Non Reportable,2018-11-06,21681,56063,34382
Non Reportable,2018-10-30,19951,54945,34994
Non Reportable,2018-10-23,19180,55483,36303
Non Reportable,2018-10-16,16041,54976,38935
Non Reportable,2018-10-09,14381,53979,39598
Non Reportable,2018-10-02,14177,55112,40935
Non Reportable,2018-09-25,12434,51524,39090
Non Reportable,2018-09-18,11104,49769,38665
Non Reportable,2018-09-11,9224,53844,44620
Non Reportable,2018-09-04,8834,55618,46784
Non Reportable,2018-08-28,15374,49321,33947
Non Reportable,2018-08-21,11255,50918,39663
Non Reportable,2018-08-14,13776,53951,40175
Non Reportable,2018-08-07,15229,54829,39600
Non Reportable,2018-07-31,14805,56082,41277
Non Reportable,2018-07-24,17489,59956,42467
Non Reportable,2018-07-17,18201,58647,40446
Non Reportable,2018-07-10,20819,59482,38663
Non Reportable,2018-07-03,16561,57381,40820
Non Reportable,2018-06-26,21439,55928,34489
Non Reportable,2018-06-19,19260,53453,34193
Non Reportable,2018-06-12,21822,53973,32151
Non Reportable,2018-06-05,24451,55800,31349
Non Reportable,2018-05-29,22840,56529,33689
Non Reportable,2018-05-22,26517,60960,34443
Non Reportable,2018-05-15,27825,69379,41554
Non Reportable,2018-05-08,29674,59779,30105
Non Reportable,2018-05-01,26983,58266,31283
Non Reportable,2018-04-24,25894,55670,29776
Non Reportable,2018-04-17,21838,52356,30518
Non Reportable,2018-04-10,21251,50598,29347
Non Reportable,2018-04-03,23108,48437,25329
Non Reportable,2018-03-27,23278,53575,30297
Non Reportable,2018-03-20,18994,51054,32060
Non Reportable,2018-03-13,21687,52756,31069
Non Reportable,2018-03-06,21894,51099,29205
Non Reportable,2018-02-27,21344,51729,30385
Non Reportable,2018-02-20,23739,56411,32672
Non Reportable,2018-02-13,19245,49799,30554
Non Reportable,2018-02-06,14584,47308,32724
Non Reportable,2018-01-30,17337,53381,36044
Non Reportable,2018-01-23,18557,55464,36907
Non Reportable,2018-01-16,19511,53420,33909
Non Reportable,2018-01-09,16059,50957,34898
Non Reportable,2018-01-02,13788,48461,34673
Non Reportable,2017-12-26,14051,44257,30206
Non Reportable,2017-12-19,14659,47704,33045
Non Reportable,2017-12-12,13021,48831,35810
Non Reportable,2017-12-05,17179,48780,31601
Non Reportable,2017-11-28,22277,50386,28109
Non Reportable,2017-11-21,23565,53429,29864
Non Reportable,2017-11-14,20835,51524,30689
Non Reportable,2017-11-07,19913,50697,30784
Non Reportable,2017-10-31,18047,49839,31792
Non Reportable,2017-10-24,20006,49705,29699
Non Reportable,2017-10-17,22431,52612,30181
Non Reportable,2017-10-10,24051,53430,29379
Non Reportable,2017-10-03,22070,52052,29982
Non Reportable,2017-09-26,17512,47419,29907
Non Reportable,2017-09-19,17691,51897,34206
Non Reportable,2017-09-12,17203,54229,37026
Non Reportable,2017-09-05,15641,56843,41202
Non Reportable,2017-08-29,16532,51744,35212
Non Reportable,2017-08-22,11132,46818,35686
Non Reportable,2017-08-15,8525,44294,35769
Non Reportable,2017-08-08,10773,44316,33543
Non Reportable,2017-08-01,13614,45980,32366
Non Reportable,2017-07-25,12561,47862,35301
Non Reportable,2017-07-18,14799,49666,34867
Non Reportable,2017-07-11,15272,51741,36469
Non Reportable,2017-07-03,14584,52991,38407
Non Reportable,2017-06-27,19712,51122,31410
Non Reportable,2017-06-20,15145,48181,33036
Non Reportable,2017-06-13,13650,44812,31162
Non Reportable,2017-06-06,11739,49266,37527
Non Reportable,2017-05-30,16617,48335,31718
Non Reportable,2017-05-23,15371,50193,34822
Non Reportable,2017-05-16,17910,50702,32792
Non Reportable,2017-05-09,15965,50953,34988
Non Reportable,2017-05-02,15326,49084,33758
Non Reportable,2017-04-25,15061,47681,32620
Non Reportable,2017-04-18,14982,52003,37021
Non Reportable,2017-04-11,15016,52595,37579
Non Reportable,2017-04-04,16032,47659,31627
Non Reportable,2017-03-28,16612,43727,27115
Non Reportable,2017-03-21,13044,48250,35206
Non Reportable,2017-03-14,19430,50176,30746
Non Reportable,2017-03-07,20504,49034,28530
Non Reportable,2017-02-28,16307,48669,32362
Non Reportable,2017-02-21,15656,44479,28823
Non Reportable,2017-02-14,18298,43991,25693
Non Reportable,2017-02-07,16875,45455,28580
Non Reportable,2017-01-31,13128,43001,29873
Non Reportable,2017-01-24,16444,48422,31978
Non Reportable,2017-01-17,15619,48739,33120
Non Reportable,2017-01-10,16625,48217,31592
Non Reportable,2017-01-03,22087,51582,29495
Non Reportable,2016-12-27,21506,47255,25749
Non Reportable,2016-12-20,21697,53377,31680
Non Reportable,2016-12-13,22906,51905,28999
Non Reportable,2016-12-06,20477,51011,30534
Non Reportable,2016-11-29,17281,49962,32681
Non Reportable,2016-11-22,27074,54013,26939
Non Reportable,2016-11-15,24579,55329,30750
Non Reportable,2016-11-08,29143,56015,26872
Non Reportable,2016-11-01,24490,56654,32164
Non Reportable,2016-10-25,22184,55021,32837
Non Reportable,2016-10-18,25364,56809,31445
Non Reportable,2016-10-11,27576,59782,32206
Non Reportable,2016-10-04,28047,60386,32339
Non Reportable,2016-09-27,23368,56570,33202
Non Reportable,2016-09-20,35604,65846,30242
Non Reportable,2016-09-13,27011,58387,31376
Non Reportable,2016-09-06,22413,58371,35958
Non Reportable,2016-08-30,26182,58230,32048
Non Reportable,2016-08-23,23362,56420,33058
Non Reportable,2016-08-16,27697,58736,31039
Non Reportable,2016-08-09,26977,57405,30428
Non Reportable,2016-08-02,30108,59618,29510
Non Reportable,2016-07-26,30217,54580,24363
Non Reportable,2016-07-19,29961,61056,31095
Non Reportable,2016-07-12,28095,57780,29685
Non Reportable,2016-07-05,24263,56352,32089
Non Reportable,2016-06-28,24289,53609,29320
Non Reportable,2016-06-21,18417,52703,34286
Non Reportable,2016-06-14,17013,50418,33405
Non Reportable,2016-06-07,15087,50986,35899
Non Reportable,2016-05-31,18125,51507,33382
Non Reportable,2016-05-24,19964,58139,38175
Non Reportable,2016-05-17,24240,57360,33120
Non Reportable,2016-05-10,20881,56194,35313
Non Reportable,2016-05-03,23564,55818,32254
Non Reportable,2016-04-26,20156,50007,29851
Non Reportable,2016-04-19,23047,54600,31553
Non Reportable,2016-04-12,18005,53739,35734
Non Reportable,2016-04-05,17065,51817,34752
Non Reportable,2016-03-29,18716,53440,34724
Non Reportable,2016-03-22,21257,56695,35438
Non Reportable,2016-03-15,16483,54850,38367
Non Reportable,2016-03-08,20685,59127,38442
Non Reportable,2016-03-01,19133,55973,36840
Non Reportable,2016-02-23,17934,55332,37398
Non Reportable,2016-02-16,14795,51618,36823
Non Reportable,2016-02-09,6246,47491,41245
Non Reportable,2016-02-02,4845,43100,38255
Non Reportable,2016-01-26,899,41354,40455
Non Reportable,2016-01-19,-3406,37282,40688
Non Reportable,2016-01-12,-988,41277,42265
Non Reportable,2016-01-05,-6767,37160,43927
Non Reportable,2015-12-29,-3250,39358,42608
Non Reportable,2015-12-22,-3603,38839,42442
Non Reportable,2015-12-15,-4544,38913,43457
Non Reportable,2015-12-08,-4953,38902,43855
Non Reportable,2015-12-01,-5991,38837,44828
Non Reportable,2015-11-24,-3660,41845,45505
Non Reportable,2015-11-17,-4498,44091,48589
Non Reportable,2015-11-10,4576,44640,40064
Non Reportable,2015-11-03,9730,43043,33313
Non Reportable,2015-10-27,8752,40804,32052
Non Reportable,2015-10-20,12152,47004,34852
Non Reportable,2015-10-13,1573,39343,37770
Non Reportable,2015-10-06,2214,37267,35053
Non Reportable,2015-09-29,-2986,35861,38847
Non Reportable,2015-09-22,-3680,35525,39205
Non Reportable,2015-09-15,-6047,36402,42449
Non Reportable,2015-09-08,-3092,37091,40183
Non Reportable,2015-09-01,-3332,36507,39839
Non Reportable,2015-08-25,-8343,36317,44660
Non Reportable,2015-08-18,-11351,36102,47453
Non Reportable,2015-08-11,-7579,39150,46729
Non Reportable,2015-08-04,-14398,36362,50760
Non Reportable,2015-07-28,-12463,32829,45292
Non Reportable,2015-07-21,-5943,40042,45985
Non Reportable,2015-07-14,1339,39854,38515
Non Reportable,2015-07-07,2461,41368,38907
Non Reportable,2015-06-30,8310,41056,32746
Non Reportable,2015-06-23,6412,39521,33109
Non Reportable,2015-06-16,1678,37229,35551
Non Reportable,2015-06-09,4102,38303,34201
Non Reportable,2015-06-02,4342,36024,31682
Non Reportable,2015-05-26,5469,39665,34196
Non Reportable,2015-05-19,10310,42573,32263
Non Reportable,2015-05-12,715,35423,34708
Non Reportable,2015-05-05,1854,36057,34203
Non Reportable,2015-04-28,5360,38263,32903
Non Reportable,2015-04-21,3682,39116,35434
Non Reportable,2015-04-14,5223,37626,32403
Non Reportable,2015-04-07,7440,38037,30597
Non Reportable,2015-03-31,1392,36149,34757
Non Reportable,2015-03-24,-482,39575,40057
Non Reportable,2015-03-17,4423,45615,41192
Non Reportable,2015-03-10,8478,45852,37374
Non Reportable,2015-03-03,8586,43998,35412
Non Reportable,2015-02-24,11625,40494,28869
Non Reportable,2015-02-17,13206,45542,32336
Non Reportable,2015-02-10,16705,46341,29636
Non Reportable,2015-02-03,18848,48794,29946
Non Reportable,2015-01-27,16874,46996,30122
Non Reportable,2015-01-20,13071,48078,35007
Non Reportable,2015-01-13,6302,42885,36583
Non Reportable,2015-01-06,-243,38641,38884
Non Reportable,2014-12-30,-3162,38014,41176
Non Reportable,2014-12-23,-6589,32989,39578
Non Reportable,2014-12-16,-3334,37537,40871
Non Reportable,2014-12-09,792,42122,41330
Non Reportable,2014-12-02,-32,38101,38133
Non Reportable,2014-11-25,-7265,37033,44298
Non Reportable,2014-11-18,-10451,38539,48990
Non Reportable,2014-11-11,-5544,40499,46043
Non Reportable,2014-11-04,-7357,38967,46324
Non Reportable,2014-10-28,-2449,34621,37070
Non Reportable,2014-10-21,-3868,37535,41403
Non Reportable,2014-10-14,-6463,38401,44864
Non Reportable,2014-10-07,-2511,39818,42329
Non Reportable,2014-09-30,-3214,40266,43480
Non Reportable,2014-09-23,1457,42578,41121
Non Reportable,2014-09-16,4852,45424,40572
Non Reportable,2014-09-09,3129,43184,40055
Non Reportable,2014-09-02,7470,44244,36774
Non Reportable,2014-08-26,10483,43695,33212
Non Reportable,2014-08-19,4630,44183,39553
Non Reportable,2014-08-12,12989,45364,32375
Non Reportable,2014-08-05,10387,41477,31090
Non Reportable,2014-07-29,9944,41079,31135
Non Reportable,2014-07-22,14573,46239,31666
Non Reportable,2014-07-15,15416,46395,30979
Non Reportable,2014-07-08,16377,48717,32340
Non Reportable,2014-07-01,14829,47786,32957
Non Reportable,2014-06-24,10406,46074,35668
Non Reportable,2014-06-17,11,38635,38624
Non Reportable,2014-06-10,2012,40248,38236
Non Reportable,2014-06-03,3042,40888,37846
Non Reportable,2014-05-27,5365,47709,42344
Non Reportable,2014-05-20,9768,42807,33039
Non Reportable,2014-05-13,10415,44842,34427
Non Reportable,2014-05-06,12249,43880,31631
Non Reportable,2014-04-29,11191,43109,31918
Non Reportable,2014-04-22,8689,43232,34543
Non Reportable,2014-04-15,7822,42752,34930
Non Reportable,2014-04-08,13114,43830,30716
Non Reportable,2014-04-01,14592,44975,30383
Non Reportable,2014-03-25,11039,44302,33263
Non Reportable,2014-03-18,8156,45104,36948
Non Reportable,2014-03-11,5846,44971,39125
Non Reportable,2014-03-04,5699,41663,35964
Non Reportable,2014-02-25,8509,43354,34845
Non Reportable,2014-02-18,6143,43845,37702
Non Reportable,2014-02-11,984,39656,38672
Non Reportable,2014-02-04,800,35600,34800
Non Reportable,2014-01-28,-1370,36841,38211
Non Reportable,2014-01-21,-1530,40423,41953
Non Reportable,2014-01-14,185,41052,40867
Non Reportable,2014-01-07,1775,41662,39887
Non Reportable,2013-12-31,593,41764,41171
Non Reportable,2013-12-24,-854,42004,42858
Non Reportable,2013-12-17,1603,42218,40615
Non Reportable,2013-12-10,2284,41911,39627
Non Reportable,2013-12-03,16,42534,42518
Non Reportable,2013-11-26,1942,42000,40058
Non Reportable,2013-11-19,5319,44539,39220
Non Reportable,2013-11-12,5405,46365,40960
Non Reportable,2013-11-05,3320,41322,38002
Non Reportable,2013-10-29,6550,42323,35773
Non Reportable,2013-10-22,5142,42624,37482
Non Reportable,2013-10-15,5474,43915,38441
Non Reportable,2013-10-08,9302,43422,34120
Non Reportable,2013-10-01,7352,43218,35866
Non Reportable,2013-09-24,7000,42754,35754
Non Reportable,2013-09-17,8068,45545,37477
Non Reportable,2013-09-10,12136,44376,32240
Non Reportable,2013-09-03,14319,49087,34768
Non Reportable,2013-08-27,9937,43920,33983
Non Reportable,2013-08-20,7387,43557,36170
Non Reportable,2013-08-13,7667,44086,36419
Non Reportable,2013-08-06,3320,41886,38566
Non Reportable,2013-07-30,-2117,39194,41311
Non Reportable,2013-07-23,278,45095,44817
Non Reportable,2013-07-16,2101,44867,42766
Non Reportable,2013-07-09,3656,44751,41095
Non Reportable,2013-07-02,3466,45434,41968
Non Reportable,2013-06-25,3144,43281,40137
Non Reportable,2013-06-18,1233,43757,42524
Non Reportable,2013-06-11,104,42344,42240
Non Reportable,2013-06-04,776,41962,41186
Non Reportable,2013-05-28,2760,50449,47689
Non Reportable,2013-05-21,5889,52320,46431
Non Reportable,2013-05-14,1210,49504,48294
Non Reportable,2013-05-07,-1687,46483,48170
Non Reportable,2013-04-30,-2058,45316,47374
Non Reportable,2013-04-23,2383,50204,47821
Non Reportable,2013-04-16,16573,57229,40656
Non Reportable,2013-04-09,24713,58933,34220
Non Reportable,2013-04-02,23187,57969,34782
Non Reportable,2013-03-26,26347,60187,33840
Non Reportable,2013-03-19,26093,64068,37975
Non Reportable,2013-03-12,28504,64816,36312
Non Reportable,2013-03-05,26776,64867,38091
Non Reportable,2013-02-26,20660,61774,41114
Non Reportable,2013-02-19,29655,69415,39760
Non Reportable,2013-02-12,34910,68429,33519
Non Reportable,2013-02-05,38052,67017,28965
Non Reportable,2013-01-29,41380,69450,28070
Non Reportable,2013-01-22,45302,73062,27760
Non Reportable,2013-01-15,41688,71336,29648
Non Reportable,2013-01-08,37504,67052,29548
Non Reportable,2012-12-31,42116,70653,28537
Non Reportable,2012-12-24,40748,69941,29193
Non Reportable,2012-12-18,47280,76470,29190
Non Reportable,2012-12-11,53640,78597,24957
Non Reportable,2012-12-04,54391,79710,25319
Non Reportable,2012-11-27,60390,85522,25132
Non Reportable,2012-11-20,57105,79585,22480
Non Reportable,2012-11-13,55471,81589,26118
Non Reportable,2012-11-06,49547,76967,27420
Non Reportable,2012-10-30,54788,80105,25317
Non Reportable,2012-10-23,54016,77928,23912
Non Reportable,2012-10-16,55346,79466,24120
Non Reportable,2012-10-09,57936,79699,21763
Non Reportable,2012-10-02,62687,85788,23101
Non Reportable,2012-09-25,58558,79018,20460
Non Reportable,2012-09-18,59501,86345,26844
Non Reportable,2012-09-11,56508,83920,27412
Non Reportable,2012-09-04,50778,79573,28795
Non Reportable,2012-08-28,49647,74017,24370
Non Reportable,2012-08-21,42444,71082,28638
Non Reportable,2012-08-14,32224,60772,28548
Non Reportable,2012-08-07,33354,61840,28486
Non Reportable,2012-07-31,31991,61289,29298
Non Reportable,2012-07-24,25821,60899,35078
Non Reportable,2012-07-17,31824,61931,30107
Non Reportable,2012-07-10,28457,60179,31722
Non Reportable,2012-07-03,31044,60473,29429
Non Reportable,2012-06-26,23779,55226,31447
Non Reportable,2012-06-19,28778,60555,31777
Non Reportable,2012-06-12,28259,61084,32825
Non Reportable,2012-06-05,28945,62913,33968
Non Reportable,2012-05-29,22573,56492,33919
Non Reportable,2012-05-22,23731,60600,36869
Non Reportable,2012-05-15,27128,59674,32546
Non Reportable,2012-05-08,30217,60545,30328
Non Reportable,2012-05-01,39473,64203,24730
Non Reportable,2012-04-24,34405,61388,26983
Non Reportable,2012-04-17,36344,62190,25846
Non Reportable,2012-04-10,36442,64486,28044
Non Reportable,2012-04-03,37632,62387,24755
Non Reportable,2012-03-27,37905,61231,23326
Non Reportable,2012-03-20,37614,65667,28053
Non Reportable,2012-03-13,43457,70089,26632
Non Reportable,2012-03-06,39267,66035,26768
Non Reportable,2012-02-28,54075,78786,24711
Non Reportable,2012-02-21,49470,74162,24692
Non Reportable,2012-02-14,43758,66266,22508
Non Reportable,2012-02-07,44925,69580,24655
Non Reportable,2012-01-31,39892,65180,25288
Non Reportable,2012-01-24,38263,67515,29252
Non Reportable,2012-01-17,37927,66269,28342
Non Reportable,2012-01-10,34972,64523,29551
Non Reportable,2012-01-03,31990,63263,31273
Non Reportable,2011-12-27,33660,61930,28270
Non Reportable,2011-12-20,32655,64892,32237
Non Reportable,2011-12-13,36975,69660,32685
Non Reportable,2011-12-06,43419,73109,29690
Non Reportable,2011-11-29,40080,70546,30466
Non Reportable,2011-11-22,33017,75662,42645
Non Reportable,2011-11-15,46409,80408,33999
Non Reportable,2011-11-08,44876,90095,45219
Non Reportable,2011-11-01,44297,74744,30447
Non Reportable,2011-10-25,40435,74008,33573
Non Reportable,2011-10-18,34182,67887,33705
Non Reportable,2011-10-11,35957,68423,32466
Non Reportable,2011-10-04,33891,65820,31929
Non Reportable,2011-09-27,40998,74401,33403
Non Reportable,2011-09-20,48755,84155,35400
Non Reportable,2011-09-13,42893,79447,36554
Non Reportable,2011-09-06,44249,85379,41130
Non Reportable,2011-08-30,41820,81189,39369
Non Reportable,2011-08-23,41671,85562,43891
Non Reportable,2011-08-16,48590,85166,36576
Non Reportable,2011-08-09,44554,86696,42142
Non Reportable,2011-08-02,41545,77874,36329
Non Reportable,2011-07-26,48444,85542,37098
Non Reportable,2011-07-19,44980,80183,35203
Non Reportable,2011-07-12,48078,80428,32350
Non Reportable,2011-07-05,46727,74364,27637
Non Reportable,2011-06-28,45300,76279,30979
Non Reportable,2011-06-21,49621,77896,28275
Non Reportable,2011-06-14,47576,73202,25626
Non Reportable,2011-06-07,50111,76825,26714
Non Reportable,2011-05-31,50199,76969,26770
Non Reportable,2011-05-24,46282,78587,32305
Non Reportable,2011-05-17,44641,75777,31136
Non Reportable,2011-05-10,46988,80260,33272
Non Reportable,2011-05-03,49109,84972,35863
Non Reportable,2011-04-26,49742,84752,35010
Non Reportable,2011-04-19,52795,87119,34324
Non Reportable,2011-04-12,54289,82009,27720
Non Reportable,2011-04-05,56332,86158,29826
Non Reportable,2011-03-29,50103,76623,26520
Non Reportable,2011-03-22,52308,81971,29663
Non Reportable,2011-03-15,48120,76958,28838
Non Reportable,2011-03-08,59377,87608,28231
Non Reportable,2011-03-01,55794,86472,30678
Non Reportable,2011-02-22,53541,85348,31807
Non Reportable,2011-02-15,47751,77382,29631
Non Reportable,2011-02-08,44695,75906,31211
Non Reportable,2011-02-01,43943,74080,30137
Non Reportable,2011-01-25,40651,77170,36519
Non Reportable,2011-01-18,44185,77717,33532
Non Reportable,2011-01-11,50306,79762,29456
Non Reportable,2011-01-04,54969,89704,34735
Non Reportable,2010-12-28,46516,82761,36245
Non Reportable,2010-12-21,47682,78384,30702
Non Reportable,2010-12-14,49720,83198,33478
Non Reportable,2010-12-07,47543,84845,37302
Non Reportable,2010-11-30,44471,79398,34927
Non Reportable,2010-11-23,43988,86381,42393
Non Reportable,2010-11-16,48500,88312,39812
Non Reportable,2010-11-09,46203,85622,39419
Non Reportable,2010-11-02,47803,80436,32633
Non Reportable,2010-10-26,44595,80616,36021
Non Reportable,2010-10-19,43587,80606,37019
Non Reportable,2010-10-12,43962,78836,34874
Non Reportable,2010-10-05,40033,79237,39204
Non Reportable,2010-09-28,45643,83711,38068
Non Reportable,2010-09-21,49880,82301,32421
Non Reportable,2010-09-14,49839,81938,32099
Non Reportable,2010-09-07,49279,81029,31750
Non Reportable,2010-08-31,47839,76796,28957
Non Reportable,2010-08-24,43505,72301,28796
Non Reportable,2010-08-17,45915,73358,27443
Non Reportable,2010-08-10,41237,68104,26867
Non Reportable,2010-08-03,37542,65260,27718
Non Reportable,2010-07-27,40301,72470,32169
Non Reportable,2010-07-20,39314,69862,30548
Non Reportable,2010-07-13,45287,74623,29336
Non Reportable,2010-07-06,42611,75022,32411
Non Reportable,2010-06-29,46885,79313,32428
Non Reportable,2010-06-22,52369,86197,33828
Non Reportable,2010-06-15,50468,78331,27863
Non Reportable,2010-06-08,47635,80689,33054
Non Reportable,2010-06-01,45274,76225,30951
Non Reportable,2010-05-25,42769,77539,34770
Non Reportable,2010-05-18,49529,84415,34886
Non Reportable,2010-05-11,48079,87797,39718
Non Reportable,2010-05-04,43978,76168,32190
Non Reportable,2010-04-27,42921,77874,34953
Non Reportable,2010-04-20,49703,74740,25037
Non Reportable,2010-04-13,44965,70661,25696
Non Reportable,2010-04-06,43996,67364,23368
Non Reportable,2010-03-30,36098,61647,25549
Non Reportable,2010-03-23,42494,74425,31931
Non Reportable,2010-03-16,44140,76254,32114
Non Reportable,2010-03-09,46036,77259,31223
Non Reportable,2010-03-02,45973,77351,31378
Non Reportable,2010-02-23,39592,76890,37298
Non Reportable,2010-02-16,32086,75387,43301
Non Reportable,2010-02-09,34453,71909,37456
Non Reportable,2010-02-02,35819,71222,35403
Non Reportable,2010-01-26,38825,81687,42862
Non Reportable,2010-01-19,54246,86276,32030
Non Reportable,2010-01-12,55588,86182,30594
Non Reportable,2010-01-05,53671,89355,35684
Non Reportable,2009-12-29,51506,82830,31324
Non Reportable,2009-12-22,51992,85796,33804
Non Reportable,2009-12-15,50509,87014,36505
Non Reportable,2009-12-08,46877,85613,38736
Non Reportable,2009-12-01,50529,91349,40820
Non Reportable,2009-11-24,45250,85951,40701
Non Reportable,2009-11-17,41007,95358,54351
Non Reportable,2009-11-09,46247,91583,45336
Non Reportable,2009-11-03,44166,69929,25763
Non Reportable,2009-10-27,44007,86385,42378
Non Reportable,2009-10-20,49990,86965,36975
Non Reportable,2009-10-13,43978,87337,43359
Non Reportable,2009-10-06,45092,93954,48862
Non Reportable,2009-09-29,45812,76933,31121
Non Reportable,2009-09-22,52417,86523,34106
Non Reportable,2009-09-15,51128,85890,34762
Non Reportable,2009-09-08,48225,77705,29480
Non Reportable,2009-09-01,34308,60666,26358
Non Reportable,2009-08-25,30572,56902,26330
Non Reportable,2009-08-18,29307,55270,25963
Non Reportable,2009-08-11,34721,59259,24538
Non Reportable,2009-08-04,36140,60061,23921
Non Reportable,2009-07-28,31651,54791,23140
Non Reportable,2009-07-21,32724,59392,26668
Non Reportable,2009-07-14,25646,52656,27010
Non Reportable,2009-07-07,29377,54963,25586
Non Reportable,2009-06-30,36094,61363,25269
Non Reportable,2009-06-23,30518,58079,27561
Non Reportable,2009-06-16,34162,58317,24155
Non Reportable,2009-06-09,37254,62142,24888
Non Reportable,2009-06-02,40556,64471,23915
Non Reportable,2009-05-26,32291,68519,36228
Non Reportable,2009-05-19,35637,62433,26796
Non Reportable,2009-05-12,34356,61507,27151
Non Reportable,2009-05-05,32346,62134,29788
Non Reportable,2009-04-28,26323,57407,31084
Non Reportable,2009-04-21,23611,53855,30244
Non Reportable,2009-04-14,26077,56080,30003
Non Reportable,2009-04-07,27884,56643,28759
Non Reportable,2009-03-31,29361,57988,28627
Non Reportable,2009-03-24,31602,58581,26979
Non Reportable,2009-03-17,27494,57801,30307
Non Reportable,2009-03-10,30463,61796,31333
Non Reportable,2009-03-03,31239,60888,29649
Non Reportable,2009-02-24,30342,62879,32537
Non Reportable,2009-02-17,31566,62541,30975
Non Reportable,2009-02-10,26749,54269,27520
Non Reportable,2009-02-03,24211,54730,30519
Non Reportable,2009-01-27,19482,55123,35641
Non Reportable,2009-01-20,16786,49373,32587
Non Reportable,2009-01-13,15566,45660,30094
Non Reportable,2009-01-06,17683,49075,31392
Non Reportable,2008-12-30,18534,46886,28352
Non Reportable,2008-12-22,14180,41566,27386
Non Reportable,2008-12-16,16302,45809,29507
Non Reportable,2008-12-09,12591,40037,27446
Non Reportable,2008-12-02,11065,40462,29397
Non Reportable,2008-11-25,12873,43122,30249
Non Reportable,2008-11-18,7998,44437,36439
Non Reportable,2008-11-11,7208,37509,30301
Non Reportable,2008-11-04,10004,39621,29617
Non Reportable,2008-10-28,9106,39462,30356
Non Reportable,2008-10-21,11340,45094,33754
Non Reportable,2008-10-14,21267,54261,32994
Non Reportable,2008-10-07,22461,53617,31156
Non Reportable,2008-09-30,25932,54842,28910
Non Reportable,2008-09-23,22917,54515,31598
Non Reportable,2008-09-16,15374,48944,33570
Non Reportable,2008-09-09,13859,48943,35084
Non Reportable,2008-09-02,17398,49880,32482
Non Reportable,2008-08-26,19738,48737,28999
Non Reportable,2008-08-19,21177,53762,32585
Non Reportable,2008-08-12,28559,56320,27761
Non Reportable,2008-08-05,38482,62893,24411
Non Reportable,2008-07-29,40601,59882,19281
Non Reportable,2008-07-22,45996,72140,26144
Non Reportable,2008-07-15,46906,79182,32276
Non Reportable,2008-07-08,42614,70270,27656
Non Reportable,2008-07-01,43161,70165,27004
Non Reportable,2008-06-24,36904,62182,25278
Non Reportable,2008-06-17,35799,56680,20881
Non Reportable,2008-06-10,34554,55229,20675
Non Reportable,2008-06-03,34676,55387,20711
Non Reportable,2008-05-27,30541,61104,30563
Non Reportable,2008-05-20,36727,62055,25328
Non Reportable,2008-05-13,27416,54991,27575
Non Reportable,2008-05-06,29561,55763,26202
Non Reportable,2008-04-29,27158,59586,32428
Non Reportable,2008-04-22,35231,55288,20057
Non Reportable,2008-04-15,36410,58895,22485
Non Reportable,2008-04-08,32239,54861,22622
Non Reportable,2008-04-01,34192,56972,22780
Non Reportable,2008-03-25,33894,70469,36575
Non Reportable,2008-03-18,49872,75548,25676
Non Reportable,2008-03-11,49500,73844,24344
Non Reportable,2008-03-04,47876,76533,28657
Non Reportable,2008-02-26,46066,75858,29792
Non Reportable,2008-02-19,43201,68701,25500
Non Reportable,2008-02-12,39585,64407,24822
Non Reportable,2008-02-05,40067,64759,24692
Non Reportable,2008-01-29,41555,74194,32639
Non Reportable,2008-01-22,39515,77823,38308
Non Reportable,2008-01-15,40552,70271,29719
Non Reportable,2008-01-08,44783,71111,26328
Non Reportable,2007-12-31,42447,66422,23975
Non Reportable,2007-12-24,40295,61323,21028
Non Reportable,2007-12-18,42597,64572,21975
Non Reportable,2007-12-11,42011,61763,19752
Non Reportable,2007-12-04,40733,61620,20887
Non Reportable,2007-11-27,33451,68136,34685
Non Reportable,2007-11-20,40112,65819,25707
Non Reportable,2007-11-13,37067,71066,33999
Non Reportable,2007-11-06,41781,74487,32706
Non Reportable,2007-10-30,40150,66208,26058
Non Reportable,2007-10-23,39617,65782,26165
Non Reportable,2007-10-16,39900,67731,27831
Non Reportable,2007-10-09,38749,61708,22959
Non Reportable,2007-10-02,38509,63783,25274
Non Reportable,2007-09-25,36679,67107,30428
Non Reportable,2007-09-18,36445,64705,28260
Non Reportable,2007-09-11,37409,62517,25108
Non Reportable,2007-09-04,31104,55157,24053
Non Reportable,2007-08-28,24707,46655,21948
Non Reportable,2007-08-21,26238,48806,22568
Non Reportable,2007-08-14,35283,53825,18542
Non Reportable,2007-08-07,34814,53123,18309
Non Reportable,2007-07-31,34677,53064,18387
Non Reportable,2007-07-24,41996,62857,20861
Non Reportable,2007-07-17,35804,60436,24632
Non Reportable,2007-07-10,34314,57515,23201
Non Reportable,2007-07-03,28297,50167,21870
Non Reportable,2007-06-26,23443,47929,24486
Non Reportable,2007-06-19,30900,51723,20823
Non Reportable,2007-06-12,25113,49523,24410
Non Reportable,2007-06-05,31702,51380,19678
Non Reportable,2007-05-29,26177,63347,37170
Non Reportable,2007-05-22,31709,62928,31219
Non Reportable,2007-05-15,37024,62742,25718
Non Reportable,2007-05-08,40150,65127,24977
Non Reportable,2007-05-01,39527,62337,22810
Non Reportable,2007-04-24,41954,67577,25623
Non Reportable,2007-04-17,42879,65256,22377
Non Reportable,2007-04-10,44211,64701,20490
Non Reportable,2007-04-03,39301,57921,18620
Non Reportable,2007-03-27,46884,67380,20496
Non Reportable,2007-03-20,40423,61780,21357
Non Reportable,2007-03-13,38166,60820,22654
Non Reportable,2007-03-06,39380,63632,24252
Non Reportable,2007-02-27,45645,63641,17996
Non Reportable,2007-02-20,41910,63463,21553
Non Reportable,2007-02-13,44984,63877,18893
Non Reportable,2007-02-06,41366,58267,16901
Non Reportable,2007-01-30,38386,55206,16820
Non Reportable,2007-01-23,37707,60805,23098
Non Reportable,2007-01-16,32314,53111,20797
Non Reportable,2007-01-09,31372,54821,23449
Non Reportable,2007-01-03,37955,59010,21055
Non Reportable,2006-12-26,38705,54732,16027
Non Reportable,2006-12-19,34912,54193,19281
Non Reportable,2006-12-12,37641,56513,18872
Non Reportable,2006-12-05,40093,62181,22088
Non Reportable,2006-11-28,41500,63889,22389
Non Reportable,2006-11-21,38426,62042,23616
Non Reportable,2006-11-14,38387,62331,23944
Non Reportable,2006-11-07,37372,61868,24496
Non Reportable,2006-10-31,30953,56441,25488
Non Reportable,2006-10-24,27620,49671,22051
Non Reportable,2006-10-17,25176,48185,23009
Non Reportable,2006-10-10,23266,49041,25775
Non Reportable,2006-10-03,25473,55910,30437
Non Reportable,2006-09-26,27488,55746,28258
Non Reportable,2006-09-19,27857,53985,26128
Non Reportable,2006-09-12,30067,54175,24108
Non Reportable,2006-09-05,37855,62650,24795
Non Reportable,2006-08-29,33521,53728,20207
Non Reportable,2006-08-22,36844,56402,19558
Non Reportable,2006-08-15,38946,64282,25336
Non Reportable,2006-08-08,40432,58312,17880
Non Reportable,2006-08-01,40445,60795,20350
Non Reportable,2006-07-25,42882,60148,17266
Non Reportable,2006-07-18,37368,62782,25414
Non Reportable,2006-07-11,34926,58611,23685
Non Reportable,2006-07-03,35184,55955,20771
Non Reportable,2006-06-27,34980,56572,21592
Non Reportable,2006-06-20,36357,53864,17507
Non Reportable,2006-06-13,38677,55961,17284
Producer/Merchant/Processor/User,2024-10-08,-69410,46090,115500
Producer/Merchant/Processor/User,2024-10-01,-73794,48594,122388
Producer/Merchant/Processor/User,2024-09-24,-78884,52159,131043
Producer/Merchant/Processor/User,2024-09-17,-76899,41760,118659
Producer/Merchant/Processor/User,2024-09-10,-74305,36362,110667
Producer/Merchant/Processor/User,2024-09-03,-67504,34058,101562
Producer/Merchant/Processor/User,2024-08-27,-65886,35157,101043
Producer/Merchant/Processor/User,2024-08-20,-66764,45282,112046
Producer/Merchant/Processor/User,2024-08-13,-57284,43238,100522
Producer/Merchant/Processor/User,2024-08-06,-48493,40361,88854
Producer/Merchant/Processor/User,2024-07-30,-46101,42890,88991
Producer/Merchant/Processor/User,2024-07-23,-54217,40541,94758
Producer/Merchant/Processor/User,2024-07-16,-61106,47673,108779
Producer/Merchant/Processor/User,2024-07-09,-52484,32061,84545
Producer/Merchant/Processor/User,2024-06-25,-42609,31196,73805
Producer/Merchant/Processor/User,2024-06-18,-43559,31381,74940
Producer/Merchant/Processor/User,2024-06-11,-40983,31762,72745
Producer/Merchant/Processor/User,2024-06-04,-40304,32205,72509
Producer/Merchant/Processor/User,2024-05-28,-40327,34449,74776
Producer/Merchant/Processor/User,2024-05-21,-42494,40739,83233
Producer/Merchant/Processor/User,2024-05-14,-36080,52667,88747
Producer/Merchant/Processor/User,2024-05-07,-38065,51737,89802
Producer/Merchant/Processor/User,2024-04-30,-36483,53103,89586
Producer/Merchant/Processor/User,2024-04-23,-38119,58136,96255
Producer/Merchant/Processor/User,2024-04-16,-41075,59584,100659
Producer/Merchant/Processor/User,2024-04-09,-47656,54614,102270
Producer/Merchant/Processor/User,2024-04-02,-48882,47563,96445
Producer/Merchant/Processor/User,2024-03-26,-50111,45210,95321
Producer/Merchant/Processor/User,2024-03-19,-51003,46744,97747
Producer/Merchant/Processor/User,2024-03-12,-52042,44346,96388
Producer/Merchant/Processor/User,2024-03-05,-51232,24462,75694
Producer/Merchant/Processor/User,2024-02-27,-38232,20308,58540
Producer/Merchant/Processor/User,2024-02-20,-37150,19813,56963
Producer/Merchant/Processor/User,2024-02-13,-31287,24479,55766
Producer/Merchant/Processor/User,2024-02-06,-35095,24297,59392
Producer/Merchant/Processor/User,2024-01-30,-33685,24377,58062
Producer/Merchant/Processor/User,2024-01-23,-37694,23657,61351
Producer/Merchant/Processor/User,2024-01-16,-39483,21639,61122
Producer/Merchant/Processor/User,2024-01-09,-43490,20542,64032
Producer/Merchant/Processor/User,2024-01-02,-41590,23294,64884
Producer/Merchant/Processor/User,2023-12-26,-44865,22405,67270
Producer/Merchant/Processor/User,2023-12-19,-44834,26439,71273
Producer/Merchant/Processor/User,2023-12-12,-41674,24528,66202
Producer/Merchant/Processor/User,2023-12-05,-46949,24678,71627
Producer/Merchant/Processor/User,2023-11-28,-48003,25900,73903
Producer/Merchant/Processor/User,2023-11-21,-45358,25557,70915
Producer/Merchant/Processor/User,2023-11-14,-42420,23228,65648
Producer/Merchant/Processor/User,2023-11-07,-43758,22120,65878
Producer/Merchant/Processor/User,2023-10-31,-44051,23265,67316
Producer/Merchant/Processor/User,2023-10-24,-40224,23701,63925
Producer/Merchant/Processor/User,2023-10-17,-28675,22710,51385
Producer/Merchant/Processor/User,2023-10-10,-16700,28284,44984
Producer/Merchant/Processor/User,2023-10-03,-19546,26236,45782
Producer/Merchant/Processor/User,2023-09-26,-24282,20683,44965
Producer/Merchant/Processor/User,2023-09-19,-24164,23297,47461
Producer/Merchant/Processor/User,2023-09-12,-21135,24439,45574
Producer/Merchant/Processor/User,2023-09-05,-23929,24978,48907
Producer/Merchant/Processor/User,2023-08-29,-20302,27696,47998
Producer/Merchant/Processor/User,2023-08-22,-16465,25151,41616
Producer/Merchant/Processor/User,2023-08-15,-21030,23843,44873
Producer/Merchant/Processor/User,2023-08-08,-27237,20703,47940
Producer/Merchant/Processor/User,2023-08-01,-31918,21261,53179
Producer/Merchant/Processor/User,2023-07-25,-40830,23668,64498
Producer/Merchant/Processor/User,2023-07-18,-40582,22697,63279
Producer/Merchant/Processor/User,2023-07-11,-29369,20461,49830
Producer/Merchant/Processor/User,2023-07-03,-27459,21140,48599
Producer/Merchant/Processor/User,2023-06-27,-26214,18585,44799
Producer/Merchant/Processor/User,2023-06-20,-28152,22583,50735
Producer/Merchant/Processor/User,2023-06-13,-28136,23704,51840
Producer/Merchant/Processor/User,2023-06-06,-31286,23131,54417
Producer/Merchant/Processor/User,2023-05-30,-33117,22218,55335
Producer/Merchant/Processor/User,2023-05-23,-36321,30015,66336
Producer/Merchant/Processor/User,2023-05-16,-45178,29747,74925
Producer/Merchant/Processor/User,2023-05-09,-48435,31595,80030
Producer/Merchant/Processor/User,2023-05-02,-46782,30935,77717
Producer/Merchant/Processor/User,2023-04-25,-44624,29197,73821
Producer/Merchant/Processor/User,2023-04-18,-46061,30218,76279
Producer/Merchant/Processor/User,2023-04-11,-46777,28950,75727
Producer/Merchant/Processor/User,2023-04-04,-47249,29128,76377
Producer/Merchant/Processor/User,2023-03-28,-52987,27295,80282
Producer/Merchant/Processor/User,2023-03-21,-49711,28163,77874
Producer/Merchant/Processor/User,2023-03-14,-43291,23405,66696
Producer/Merchant/Processor/User,2023-03-07,-32290,20197,52487
Producer/Merchant/Processor/User,2023-02-28,-32940,20560,53500
Producer/Merchant/Processor/User,2023-02-21,-33423,20085,53508
Producer/Merchant/Processor/User,2023-02-14,-34192,21696,55888
Producer/Merchant/Processor/User,2023-02-07,-35822,25328,61150
Producer/Merchant/Processor/User,2023-01-31,-42748,26826,69574
Producer/Merchant/Processor/User,2023-01-24,-44060,28515,72575
Producer/Merchant/Processor/User,2023-01-17,-46899,27704,74603
Producer/Merchant/Processor/User,2023-01-10,-51528,20816,72344
Producer/Merchant/Processor/User,2023-01-03,-45887,19698,65585
Producer/Merchant/Processor/User,2022-12-27,-44254,18739,62993
Producer/Merchant/Processor/User,2022-12-20,-40502,19373,59875
Producer/Merchant/Processor/User,2022-12-13,-41496,18083,59579
Producer/Merchant/Processor/User,2022-12-06,-42053,14665,56718
Producer/Merchant/Processor/User,2022-11-29,-40082,14569,54651
Producer/Merchant/Processor/User,2022-11-22,-43615,16198,59813
Producer/Merchant/Processor/User,2022-11-15,-42580,23135,65715
Producer/Merchant/Processor/User,2022-11-08,-20550,24268,44818
Producer/Merchant/Processor/User,2022-11-01,-8264,24488,32752
Producer/Merchant/Processor/User,2022-10-25,-8913,26948,35861
Producer/Merchant/Processor/User,2022-10-18,-14791,22723,37514
Producer/Merchant/Processor/User,2022-10-11,-23903,19733,43636
Producer/Merchant/Processor/User,2022-10-04,-22814,20379,43193
Producer/Merchant/Processor/User,2022-09-27,-12862,21642,34504
Producer/Merchant/Processor/User,2022-09-20,-17986,24344,42330
Producer/Merchant/Processor/User,2022-09-13,-27596,19831,47427
Producer/Merchant/Processor/User,2022-09-06,-26434,23219,49653
Producer/Merchant/Processor/User,2022-08-30,-31763,21925,53688
Producer/Merchant/Processor/User,2022-08-23,-34138,22539,56677
Producer/Merchant/Processor/User,2022-08-16,-36778,22638,59416
Producer/Merchant/Processor/User,2022-08-09,-37928,24568,62496
Producer/Merchant/Processor/User,2022-08-02,-31340,25045,56385
Producer/Merchant/Processor/User,2022-07-26,-25632,24541,50173
Producer/Merchant/Processor/User,2022-07-19,-26047,30791,56838
Producer/Merchant/Processor/User,2022-07-12,-29075,27406,56481
Producer/Merchant/Processor/User,2022-07-05,-40305,23894,64199
Producer/Merchant/Processor/User,2022-06-28,-45591,22058,67649
Producer/Merchant/Processor/User,2022-06-21,-47123,19906,67029
Producer/Merchant/Processor/User,2022-06-14,-45595,22240,67835
Producer/Merchant/Processor/User,2022-06-07,-48028,23852,71880
Producer/Merchant/Processor/User,2022-05-31,-49233,27228,76461
Producer/Merchant/Processor/User,2022-05-24,-48846,38436,87282
Producer/Merchant/Processor/User,2022-05-17,-42694,40239,82933
Producer/Merchant/Processor/User,2022-05-10,-47140,39730,86870
Producer/Merchant/Processor/User,2022-05-03,-44960,41888,86848
Producer/Merchant/Processor/User,2022-04-26,-49579,41997,91576
Producer/Merchant/Processor/User,2022-04-19,-57934,44231,102165
Producer/Merchant/Processor/User,2022-04-12,-59877,42434,102311
Producer/Merchant/Processor/User,2022-04-05,-57002,38564,95566
Producer/Merchant/Processor/User,2022-03-29,-55519,37314,92833
Producer/Merchant/Processor/User,2022-03-22,-70845,49020,119865
Producer/Merchant/Processor/User,2022-03-15,-75320,47046,122366
Producer/Merchant/Processor/User,2022-03-08,-87487,50607,138094
Producer/Merchant/Processor/User,2022-03-01,-82304,39224,121528
Producer/Merchant/Processor/User,2022-02-22,-85230,34107,119337
Producer/Merchant/Processor/User,2022-02-15,-76451,30456,106907
Producer/Merchant/Processor/User,2022-02-08,-64556,27645,92201
Producer/Merchant/Processor/User,2022-02-01,-60395,28158,88553
Producer/Merchant/Processor/User,2022-01-25,-77283,31580,108863
Producer/Merchant/Processor/User,2022-01-18,-59947,49578,109525
Producer/Merchant/Processor/User,2022-01-11,-59677,46111,105788
Producer/Merchant/Processor/User,2022-01-04,-62055,41735,103790
Producer/Merchant/Processor/User,2021-12-28,-65954,40254,106208
Producer/Merchant/Processor/User,2021-12-21,-62199,40030,102229
Producer/Merchant/Processor/User,2021-12-14,-57019,39267,96286
Producer/Merchant/Processor/User,2021-12-07,-59862,41014,100876
Producer/Merchant/Processor/User,2021-11-30,-59305,42135,101440
Producer/Merchant/Processor/User,2021-11-23,-74360,43675,118035
Producer/Merchant/Processor/User,2021-11-16,-79653,56130,135783
Producer/Merchant/Processor/User,2021-11-09,-69815,51934,121749
Producer/Merchant/Processor/User,2021-11-02,-60763,43648,104411
Producer/Merchant/Processor/User,2021-10-26,-59247,43938,103185
Producer/Merchant/Processor/User,2021-10-19,-55984,29270,85254
Producer/Merchant/Processor/User,2021-10-12,-52299,31274,83573
Producer/Merchant/Processor/User,2021-10-05,-48275,31091,79366
Producer/Merchant/Processor/User,2021-09-28,-45431,33052,78483
Producer/Merchant/Processor/User,2021-09-21,-50073,32299,82372
Producer/Merchant/Processor/User,2021-09-14,-58122,30897,89019
Producer/Merchant/Processor/User,2021-09-07,-56620,32006,88626
Producer/Merchant/Processor/User,2021-08-31,-57304,32481,89785
Producer/Merchant/Processor/User,2021-08-24,-56899,37085,93984
Producer/Merchant/Processor/User,2021-08-17,-53976,35633,89609
Producer/Merchant/Processor/User,2021-08-10,-48471,33559,82030
Producer/Merchant/Processor/User,2021-08-03,-56399,17427,73826
Producer/Merchant/Processor/User,2021-07-27,-57657,35090,92747
Producer/Merchant/Processor/User,2021-07-20,-65840,37197,103037
Producer/Merchant/Processor/User,2021-07-13,-63407,36513,99920
Producer/Merchant/Processor/User,2021-07-06,-63300,34897,98197
Producer/Merchant/Processor/User,2021-06-29,-56518,33884,90402
Producer/Merchant/Processor/User,2021-06-22,-58906,35668,94574
Producer/Merchant/Processor/User,2021-06-08,-72497,39436,111933
Producer/Merchant/Processor/User,2021-06-01,-76139,38522,114661
Producer/Merchant/Processor/User,2021-05-25,-84237,39256,123493
Producer/Merchant/Processor/User,2021-05-18,-76498,49112,125610
Producer/Merchant/Processor/User,2021-05-11,-79090,44149,123239
Producer/Merchant/Processor/User,2021-05-04,-71177,34537,105714
Producer/Merchant/Processor/User,2021-04-27,-75417,35565,110982
Producer/Merchant/Processor/User,2021-04-20,-77853,38310,116163
Producer/Merchant/Processor/User,2021-04-13,-75218,36618,111836
Producer/Merchant/Processor/User,2021-04-06,-78378,37131,115509
Producer/Merchant/Processor/User,2021-03-30,-71040,39395,110435
Producer/Merchant/Processor/User,2021-03-23,-75731,41084,116815
Producer/Merchant/Processor/User,2021-03-16,-77130,42533,119663
Producer/Merchant/Processor/User,2021-03-09,-78392,41884,120276
Producer/Merchant/Processor/User,2021-03-02,-83802,31892,115694
Producer/Merchant/Processor/User,2021-02-23,-92991,25499,118490
Producer/Merchant/Processor/User,2021-02-16,-95054,30074,125128
Producer/Merchant/Processor/User,2021-02-09,-99721,27574,127295
Producer/Merchant/Processor/User,2021-02-02,-101283,27555,128838
Producer/Merchant/Processor/User,2021-01-26,-101238,26686,127924
Producer/Merchant/Processor/User,2021-01-19,-98923,31773,130696
Producer/Merchant/Processor/User,2021-01-12,-96556,33127,129683
Producer/Merchant/Processor/User,2021-01-05,-105277,37747,143024
Producer/Merchant/Processor/User,2020-12-29,-103215,30974,134189
Producer/Merchant/Processor/User,2020-12-21,-102364,36993,139357
Producer/Merchant/Processor/User,2020-12-15,-99264,36342,135606
Producer/Merchant/Processor/User,2020-12-08,-98123,38934,137057
Producer/Merchant/Processor/User,2020-12-01,-95982,39379,135361
Producer/Merchant/Processor/User,2020-11-24,-90028,36982,127010
Producer/Merchant/Processor/User,2020-11-17,-94311,53412,147723
Producer/Merchant/Processor/User,2020-11-10,-90564,53171,143735
Producer/Merchant/Processor/User,2020-11-03,-92184,54786,146970
Producer/Merchant/Processor/User,2020-10-27,-93309,56478,149787
Producer/Merchant/Processor/User,2020-10-20,-93430,63110,156540
Producer/Merchant/Processor/User,2020-10-13,-91809,56622,148431
Producer/Merchant/Processor/User,2020-10-06,-89285,58808,148093
Producer/Merchant/Processor/User,2020-09-29,-88845,60075,148920
Producer/Merchant/Processor/User,2020-09-22,-90312,79892,170204
Producer/Merchant/Processor/User,2020-09-15,-102396,81535,183931
Producer/Merchant/Processor/User,2020-09-08,-100874,77556,178430
Producer/Merchant/Processor/User,2020-09-01,-98995,80325,179320
Producer/Merchant/Processor/User,2020-08-25,-95100,90346,185446
Producer/Merchant/Processor/User,2020-08-18,-96905,94731,191636
Producer/Merchant/Processor/User,2020-08-11,-95952,92588,188540
Producer/Merchant/Processor/User,2020-08-04,-101793,99826,201619
Producer/Merchant/Processor/User,2020-07-28,-92156,95603,187759
Producer/Merchant/Processor/User,2020-07-21,-99140,89087,188227
Producer/Merchant/Processor/User,2020-07-14,-93297,84559,177856
Producer/Merchant/Processor/User,2020-07-07,-89432,82948,172380
Producer/Merchant/Processor/User,2020-06-30,-92374,81717,174091
Producer/Merchant/Processor/User,2020-06-23,-89611,81384,170995
Producer/Merchant/Processor/User,2020-06-16,-81310,76383,157693
Producer/Merchant/Processor/User,2020-06-09,-75918,73923,149841
Producer/Merchant/Processor/User,2020-06-02,-75902,75087,150989
Producer/Merchant/Processor/User,2020-05-26,-81696,73074,154770
Producer/Merchant/Processor/User,2020-05-19,-96455,103014,199469
Producer/Merchant/Processor/User,2020-05-12,-92673,97225,189898
Producer/Merchant/Processor/User,2020-05-05,-96362,93424,189786
Producer/Merchant/Processor/User,2020-04-28,-100995,94452,195447
Producer/Merchant/Processor/User,2020-04-21,-98191,98988,197179
Producer/Merchant/Processor/User,2020-04-14,-98398,113034,211432
Producer/Merchant/Processor/User,2020-04-07,-100450,100948,201398
Producer/Merchant/Processor/User,2020-03-31,-100227,94274,194501
Producer/Merchant/Processor/User,2020-03-24,-118227,114162,232389
Producer/Merchant/Processor/User,2020-03-17,-115013,101900,216913
Producer/Merchant/Processor/User,2020-03-10,-122397,114589,236986
Producer/Merchant/Processor/User,2020-03-03,-143411,93300,236711
Producer/Merchant/Processor/User,2020-02-25,-147015,92798,239813
Producer/Merchant/Processor/User,2020-02-18,-149813,75127,224940
Producer/Merchant/Processor/User,2020-02-11,-134616,64740,199356
Producer/Merchant/Processor/User,2020-02-04,-131758,62118,193876
Producer/Merchant/Processor/User,2020-01-28,-132820,71495,204315
Producer/Merchant/Processor/User,2020-01-21,-134957,92596,227553
Producer/Merchant/Processor/User,2020-01-14,-134731,87238,221969
Producer/Merchant/Processor/User,2020-01-07,-138697,78302,216999
Producer/Merchant/Processor/User,2019-12-31,-144970,65436,210406
Producer/Merchant/Processor/User,2019-12-24,-136892,63995,200887
Producer/Merchant/Processor/User,2019-12-17,-131953,57014,188967
Producer/Merchant/Processor/User,2019-12-10,-118964,54639,173603
Producer/Merchant/Processor/User,2019-12-03,-124740,57268,182008
Producer/Merchant/Processor/User,2019-11-26,-116890,52224,169114
Producer/Merchant/Processor/User,2019-11-19,-124752,77864,202616
Producer/Merchant/Processor/User,2019-11-12,-117915,80653,198568
Producer/Merchant/Processor/User,2019-11-05,-137022,59122,196144
Producer/Merchant/Processor/User,2019-10-29,-136503,64300,200803
Producer/Merchant/Processor/User,2019-10-22,-151613,63421,215034
Producer/Merchant/Processor/User,2019-10-15,-151763,66039,217802
Producer/Merchant/Processor/User,2019-10-08,-158500,68611,227111
Producer/Merchant/Processor/User,2019-10-01,-153453,68101,221554
Producer/Merchant/Processor/User,2019-09-24,-161697,92025,253722
Producer/Merchant/Processor/User,2019-09-17,-162026,84091,246117
Producer/Merchant/Processor/User,2019-09-10,-157104,80453,237557
Producer/Merchant/Processor/User,2019-09-03,-160734,87707,248441
Producer/Merchant/Processor/User,2019-08-27,-151952,90238,242190
Producer/Merchant/Processor/User,2019-08-20,-145161,95098,240259
Producer/Merchant/Processor/User,2019-08-13,-139861,91125,230986
Producer/Merchant/Processor/User,2019-08-06,-137987,84111,222098
Producer/Merchant/Processor/User,2019-07-30,-129787,63026,192813
Producer/Merchant/Processor/User,2019-07-23,-123333,93866,217199
Producer/Merchant/Processor/User,2019-07-16,-126008,85509,211517
Producer/Merchant/Processor/User,2019-07-09,-138498,69203,207701
Producer/Merchant/Processor/User,2019-07-02,-136717,68320,205037
Producer/Merchant/Processor/User,2019-06-25,-122831,67900,190731
Producer/Merchant/Processor/User,2019-06-18,-98963,52208,151171
Producer/Merchant/Processor/User,2019-06-11,-90149,46038,136187
Producer/Merchant/Processor/User,2019-06-04,-83307,41139,124446
Producer/Merchant/Processor/User,2019-05-28,-62300,60834,123134
Producer/Merchant/Processor/User,2019-05-21,-62527,57864,120391
Producer/Merchant/Processor/User,2019-05-14,-63570,52244,115814
Producer/Merchant/Processor/User,2019-05-07,-47197,33039,80236
Producer/Merchant/Processor/User,2019-04-30,-51193,29999,81192
Producer/Merchant/Processor/User,2019-04-23,-35361,31496,66857
Producer/Merchant/Processor/User,2019-04-16,-43169,33367,76536
Producer/Merchant/Processor/User,2019-04-09,-58566,33944,92510
Producer/Merchant/Processor/User,2019-04-02,-57060,32694,89754
Producer/Merchant/Processor/User,2019-03-26,-68401,33503,101904
Producer/Merchant/Processor/User,2019-03-19,-67229,51053,118282
Producer/Merchant/Processor/User,2019-03-12,-62501,43255,105756
Producer/Merchant/Processor/User,2019-03-05,-73239,28907,102146
Producer/Merchant/Processor/User,2019-02-26,-85269,35695,120964
Producer/Merchant/Processor/User,2019-02-19,-85572,45581,131153
Producer/Merchant/Processor/User,2019-02-12,-73924,38917,112841
Producer/Merchant/Processor/User,2019-02-05,-73614,38228,111842
Producer/Merchant/Processor/User,2019-01-29,-72934,34894,107828
Producer/Merchant/Processor/User,2019-01-22,-62178,69893,132071
Producer/Merchant/Processor/User,2019-01-15,-62446,64355,126801
Producer/Merchant/Processor/User,2019-01-08,-64038,33669,97707
Producer/Merchant/Processor/User,2018-12-31,-73483,41071,114554
Producer/Merchant/Processor/User,2018-12-24,-70040,41736,111776
Producer/Merchant/Processor/User,2018-12-18,-64446,36358,100804
Producer/Merchant/Processor/User,2018-12-11,-66527,35486,102013
Producer/Merchant/Processor/User,2018-12-04,-56096,35386,91482
Producer/Merchant/Processor/User,2018-11-27,-40290,49372,89662
Producer/Merchant/Processor/User,2018-11-20,-46878,67244,114122
Producer/Merchant/Processor/User,2018-11-13,-42718,68679,111397
Producer/Merchant/Processor/User,2018-11-06,-61820,60091,121911
Producer/Merchant/Processor/User,2018-10-30,-60572,59443,120015
Producer/Merchant/Processor/User,2018-10-23,-69602,59898,129500
Producer/Merchant/Processor/User,2018-10-16,-63184,60523,123707
Producer/Merchant/Processor/User,2018-10-09,-33335,57738,91073
Producer/Merchant/Processor/User,2018-10-02,-36811,54092,90903
Producer/Merchant/Processor/User,2018-09-25,-38307,49488,87795
Producer/Merchant/Processor/User,2018-09-18,-36940,54106,91046
Producer/Merchant/Processor/User,2018-09-11,-38755,52096,90851
Producer/Merchant/Processor/User,2018-09-04,-37578,50945,88523
Producer/Merchant/Processor/User,2018-08-28,-39507,50232,89739
Producer/Merchant/Processor/User,2018-08-21,-38208,53126,91334
Producer/Merchant/Processor/User,2018-08-14,-39687,51400,91087
Producer/Merchant/Processor/User,2018-08-07,-46120,45284,91404
Producer/Merchant/Processor/User,2018-07-31,-49783,46099,95882
Producer/Merchant/Processor/User,2018-07-24,-56194,48400,104594
Producer/Merchant/Processor/User,2018-07-17,-72365,46729,119094
Producer/Merchant/Processor/User,2018-07-10,-69644,49691,119335
Producer/Merchant/Processor/User,2018-07-03,-72410,55758,128168
Producer/Merchant/Processor/User,2018-06-26,-71800,59652,131452
Producer/Merchant/Processor/User,2018-06-19,-73331,60845,134176
Producer/Merchant/Processor/User,2018-06-12,-96278,59613,155891
Producer/Merchant/Processor/User,2018-06-05,-98212,59091,157303
Producer/Merchant/Processor/User,2018-05-29,-135634,53359,188993
Producer/Merchant/Processor/User,2018-05-22,-125182,63785,188967
Producer/Merchant/Processor/User,2018-05-15,-136516,60469,196985
Producer/Merchant/Processor/User,2018-05-08,-145565,57458,203023
Producer/Merchant/Processor/User,2018-05-01,-147353,54547,201900
Producer/Merchant/Processor/User,2018-04-24,-161809,56302,218111
Producer/Merchant/Processor/User,2018-04-17,-172830,57414,230244
Producer/Merchant/Processor/User,2018-04-10,-164657,55446,220103
Producer/Merchant/Processor/User,2018-04-03,-166131,51465,217596
Producer/Merchant/Processor/User,2018-03-27,-177238,48140,225378
Producer/Merchant/Processor/User,2018-03-20,-159863,43733,203596
Producer/Merchant/Processor/User,2018-03-13,-172517,43405,215922
Producer/Merchant/Processor/User,2018-03-06,-176582,44894,221476
Producer/Merchant/Processor/User,2018-02-27,-176637,47943,224580
Producer/Merchant/Processor/User,2018-02-20,-180012,50672,230684
Producer/Merchant/Processor/User,2018-02-13,-175966,41764,217730
Producer/Merchant/Processor/User,2018-02-06,-181101,44022,225123
Producer/Merchant/Processor/User,2018-01-30,-191651,40340,231991
Producer/Merchant/Processor/User,2018-01-23,-195770,45220,240990
Producer/Merchant/Processor/User,2018-01-16,-191067,44007,235074
Producer/Merchant/Processor/User,2018-01-09,-177916,38492,216408
Producer/Merchant/Processor/User,2018-01-02,-157398,40192,197590
Producer/Merchant/Processor/User,2017-12-26,-141494,34795,176289
Producer/Merchant/Processor/User,2017-12-19,-132627,31698,164325
Producer/Merchant/Processor/User,2017-12-12,-133722,34006,167728
Producer/Merchant/Processor/User,2017-12-05,-159996,34263,194259
Producer/Merchant/Processor/User,2017-11-28,-183293,32074,215367
Producer/Merchant/Processor/User,2017-11-21,-180012,39516,219528
Producer/Merchant/Processor/User,2017-11-14,-180633,37655,218288
Producer/Merchant/Processor/User,2017-11-07,-177159,35857,213016
Producer/Merchant/Processor/User,2017-10-31,-178521,33575,212096
Producer/Merchant/Processor/User,2017-10-24,-179000,36014,215014
Producer/Merchant/Processor/User,2017-10-17,-183712,36636,220348
Producer/Merchant/Processor/User,2017-10-10,-180697,36741,217438
Producer/Merchant/Processor/User,2017-10-03,-183258,34567,217825
Producer/Merchant/Processor/User,2017-09-26,-189003,35628,224631
Producer/Merchant/Processor/User,2017-09-19,-192566,35724,228290
Producer/Merchant/Processor/User,2017-09-12,-193809,38032,231841
Producer/Merchant/Processor/User,2017-09-05,-192595,42926,235521
Producer/Merchant/Processor/User,2017-08-29,-187017,37606,224623
Producer/Merchant/Processor/User,2017-08-22,-175401,34042,209443
Producer/Merchant/Processor/User,2017-08-15,-158231,32943,191174
Producer/Merchant/Processor/User,2017-08-08,-144155,33367,177522
Producer/Merchant/Processor/User,2017-08-01,-144093,33605,177698
Producer/Merchant/Processor/User,2017-07-25,-132860,36752,169612
Producer/Merchant/Processor/User,2017-07-18,-116373,39462,155835
Producer/Merchant/Processor/User,2017-07-11,-113063,40818,153881
Producer/Merchant/Processor/User,2017-07-03,-123223,34847,158070
Producer/Merchant/Processor/User,2017-06-27,-134690,32514,167204
Producer/Merchant/Processor/User,2017-06-20,-143700,33023,176723
Producer/Merchant/Processor/User,2017-06-13,-162413,35117,197530
Producer/Merchant/Processor/User,2017-06-06,-169828,40422,210250
Producer/Merchant/Processor/User,2017-05-30,-153093,38995,192088
Producer/Merchant/Processor/User,2017-05-23,-152009,39399,191408
Producer/Merchant/Processor/User,2017-05-16,-131545,37548,169093
Producer/Merchant/Processor/User,2017-05-09,-139725,35440,175165
Producer/Merchant/Processor/User,2017-05-02,-158047,34312,192359
Producer/Merchant/Processor/User,2017-04-25,-156776,35215,191991
Producer/Merchant/Processor/User,2017-04-18,-152491,44785,197276
Producer/Merchant/Processor/User,2017-04-11,-140277,40062,180339
Producer/Merchant/Processor/User,2017-04-04,-129533,34070,163603
Producer/Merchant/Processor/User,2017-03-28,-119661,35526,155187
Producer/Merchant/Processor/User,2017-03-21,-105679,38041,143720
Producer/Merchant/Processor/User,2017-03-14,-89363,39697,129060
Producer/Merchant/Processor/User,2017-03-07,-99888,38573,138461
Producer/Merchant/Processor/User,2017-02-28,-111045,38769,149814
Producer/Merchant/Processor/User,2017-02-21,-97380,43164,140544
Producer/Merchant/Processor/User,2017-02-14,-89720,42542,132262
Producer/Merchant/Processor/User,2017-02-07,-90867,42822,133689
Producer/Merchant/Processor/User,2017-01-31,-86609,38397,125006
Producer/Merchant/Processor/User,2017-01-24,-83708,43369,127077
Producer/Merchant/Processor/User,2017-01-17,-75580,43649,119229
Producer/Merchant/Processor/User,2017-01-10,-72642,43180,115822
Producer/Merchant/Processor/User,2017-01-03,-72497,43350,115847
Producer/Merchant/Processor/User,2016-12-27,-73706,42681,116387
Producer/Merchant/Processor/User,2016-12-20,-77600,46577,124177
Producer/Merchant/Processor/User,2016-12-13,-78875,45402,124277
Producer/Merchant/Processor/User,2016-12-06,-80504,44073,124577
Producer/Merchant/Processor/User,2016-11-29,-87500,45512,133012
Producer/Merchant/Processor/User,2016-11-22,-94258,40093,134351
Producer/Merchant/Processor/User,2016-11-15,-100464,52885,153349
Producer/Merchant/Processor/User,2016-11-08,-129815,47836,177651
Producer/Merchant/Processor/User,2016-11-01,-126103,48219,174322
Producer/Merchant/Processor/User,2016-10-25,-111244,49841,161085
Producer/Merchant/Processor/User,2016-10-18,-105924,51176,157100
Producer/Merchant/Processor/User,2016-10-11,-113571,50037,163608
Producer/Merchant/Processor/User,2016-10-04,-128450,47511,175961
Producer/Merchant/Processor/User,2016-09-27,-152709,44192,196901
Producer/Merchant/Processor/User,2016-09-20,-140680,44466,185146
Producer/Merchant/Processor/User,2016-09-13,-151206,44269,195475
Producer/Merchant/Processor/User,2016-09-06,-156686,43402,200088
Producer/Merchant/Processor/User,2016-08-30,-138111,42724,180835
Producer/Merchant/Processor/User,2016-08-23,-143208,45366,188574
Producer/Merchant/Processor/User,2016-08-16,-143552,51605,195157
Producer/Merchant/Processor/User,2016-08-09,-140172,51333,191505
Producer/Merchant/Processor/User,2016-08-02,-150852,53142,203994
Producer/Merchant/Processor/User,2016-07-26,-138932,53671,192603
Producer/Merchant/Processor/User,2016-07-19,-140609,60775,201384
Producer/Merchant/Processor/User,2016-07-12,-147389,64745,212134
Producer/Merchant/Processor/User,2016-07-05,-155215,60261,215476
Producer/Merchant/Processor/User,2016-06-28,-155428,55887,211315
Producer/Merchant/Processor/User,2016-06-21,-152246,57019,209265
Producer/Merchant/Processor/User,2016-06-14,-154587,54225,208812
Producer/Merchant/Processor/User,2016-06-07,-125419,48637,174056
Producer/Merchant/Processor/User,2016-05-31,-98828,67775,166603
Producer/Merchant/Processor/User,2016-05-24,-103247,84991,188238
Producer/Merchant/Processor/User,2016-05-17,-157423,47045,204468
Producer/Merchant/Processor/User,2016-05-10,-165557,42489,208046
Producer/Merchant/Processor/User,2016-05-03,-177537,42019,219556
Producer/Merchant/Processor/User,2016-04-26,-151357,38337,189694
Producer/Merchant/Processor/User,2016-04-19,-153985,41210,195195
Producer/Merchant/Processor/User,2016-04-12,-151301,42799,194100
Producer/Merchant/Processor/User,2016-04-05,-134527,41806,176333
Producer/Merchant/Processor/User,2016-03-29,-131043,44424,175467
Producer/Merchant/Processor/User,2016-03-22,-138515,50050,188565
Producer/Merchant/Processor/User,2016-03-15,-132343,48612,180955
Producer/Merchant/Processor/User,2016-03-08,-135869,48437,184306
Producer/Merchant/Processor/User,2016-03-01,-120192,45063,165255
Producer/Merchant/Processor/User,2016-02-23,-113869,49967,163836
Producer/Merchant/Processor/User,2016-02-16,-94385,54640,149025
Producer/Merchant/Processor/User,2016-02-09,-76849,47549,124398
Producer/Merchant/Processor/User,2016-02-02,-59485,40376,99861
Producer/Merchant/Processor/User,2016-01-26,-53265,33062,86327
Producer/Merchant/Processor/User,2016-01-19,-47605,40595,88200
Producer/Merchant/Processor/User,2016-01-12,-50264,39420,89684
Producer/Merchant/Processor/User,2016-01-05,-44262,37261,81523
Producer/Merchant/Processor/User,2015-12-29,-43487,37361,80848
Producer/Merchant/Processor/User,2015-12-22,-54433,35050,89483
Producer/Merchant/Processor/User,2015-12-15,-41267,36924,78191
Producer/Merchant/Processor/User,2015-12-08,-38316,41605,79921
Producer/Merchant/Processor/User,2015-12-01,-33617,42857,76474
Producer/Merchant/Processor/User,2015-11-24,-43691,39338,83029
Producer/Merchant/Processor/User,2015-11-17,-51479,47499,98978
Producer/Merchant/Processor/User,2015-11-10,-67125,45742,112867
Producer/Merchant/Processor/User,2015-11-03,-91185,43728,134913
Producer/Merchant/Processor/User,2015-10-27,-109833,38976,148809
Producer/Merchant/Processor/User,2015-10-20,-110046,41278,151324
Producer/Merchant/Processor/User,2015-10-13,-86853,40980,127833
Producer/Merchant/Processor/User,2015-10-06,-71357,42850,114207
Producer/Merchant/Processor/User,2015-09-29,-65288,42024,107312
Producer/Merchant/Processor/User,2015-09-22,-56763,38829,95592
Producer/Merchant/Processor/User,2015-09-15,-43086,36839,79925
Producer/Merchant/Processor/User,2015-09-08,-58130,39716,97846
Producer/Merchant/Processor/User,2015-09-01,-70337,31653,101990
Producer/Merchant/Processor/User,2015-08-25,-72341,36280,108621
Producer/Merchant/Processor/User,2015-08-18,-51434,37168,88602
Producer/Merchant/Processor/User,2015-08-11,-47202,38447,85649
Producer/Merchant/Processor/User,2015-08-04,-42219,41334,83553
Producer/Merchant/Processor/User,2015-07-28,-39718,41358,81076
Producer/Merchant/Processor/User,2015-07-21,-42007,50922,92929
Producer/Merchant/Processor/User,2015-07-14,-54018,39704,93722
Producer/Merchant/Processor/User,2015-07-07,-55336,36361,91697
Producer/Merchant/Processor/User,2015-06-30,-66548,32769,99317
Producer/Merchant/Processor/User,2015-06-23,-78595,31706,110301
Producer/Merchant/Processor/User,2015-06-16,-61331,32537,93868
Producer/Merchant/Processor/User,2015-06-09,-62449,34250,96699
Producer/Merchant/Processor/User,2015-06-02,-75387,31366,106753
Producer/Merchant/Processor/User,2015-05-26,-75192,31623,106815
Producer/Merchant/Processor/User,2015-05-19,-77418,35273,112691
Producer/Merchant/Processor/User,2015-05-12,-43324,37337,80661
Producer/Merchant/Processor/User,2015-05-05,-40634,36835,77469
Producer/Merchant/Processor/User,2015-04-28,-54810,34356,89166
Producer/Merchant/Processor/User,2015-04-21,-55572,37776,93348
Producer/Merchant/Processor/User,2015-04-14,-62163,40077,102240
Producer/Merchant/Processor/User,2015-04-07,-62349,42389,104738
Producer/Merchant/Processor/User,2015-03-31,-51032,41793,92825
Producer/Merchant/Processor/User,2015-03-24,-43637,47817,91454
Producer/Merchant/Processor/User,2015-03-17,-41362,51405,92767
Producer/Merchant/Processor/User,2015-03-10,-49297,45218,94515
Producer/Merchant/Processor/User,2015-03-03,-62583,40831,103414
Producer/Merchant/Processor/User,2015-02-24,-68300,40993,109293
Producer/Merchant/Processor/User,2015-02-17,-72860,39710,112570
Producer/Merchant/Processor/User,2015-02-10,-77633,40545,118178
Producer/Merchant/Processor/User,2015-02-03,-89687,45346,135033
Producer/Merchant/Processor/User,2015-01-27,-94907,43600,138507
Producer/Merchant/Processor/User,2015-01-20,-87963,51976,139939
Producer/Merchant/Processor/User,2015-01-13,-63888,52810,116698
Producer/Merchant/Processor/User,2015-01-06,-57667,50967,108634
Producer/Merchant/Processor/User,2014-12-30,-52873,46263,99136
Producer/Merchant/Processor/User,2014-12-23,-48731,49708,98439
Producer/Merchant/Processor/User,2014-12-16,-60031,54304,114335
Producer/Merchant/Processor/User,2014-12-09,-57121,52854,109975
Producer/Merchant/Processor/User,2014-12-02,-45638,48748,94386
Producer/Merchant/Processor/User,2014-11-25,-37948,53969,91917
Producer/Merchant/Processor/User,2014-11-18,-36513,85090,121603
Producer/Merchant/Processor/User,2014-11-11,-30522,76651,107173
Producer/Merchant/Processor/User,2014-11-04,-30850,65086,95936
Producer/Merchant/Processor/User,2014-10-28,-45906,58125,104031
Producer/Merchant/Processor/User,2014-10-21,-43651,63295,106946
Producer/Merchant/Processor/User,2014-10-14,-31115,65265,96380
Producer/Merchant/Processor/User,2014-10-07,-28485,63240,91725
Producer/Merchant/Processor/User,2014-09-30,-30037,58230,88267
Producer/Merchant/Processor/User,2014-09-23,-26683,63453,90136
Producer/Merchant/Processor/User,2014-09-16,-30557,58279,88836
Producer/Merchant/Processor/User,2014-09-09,-37015,56007,93022
Producer/Merchant/Processor/User,2014-09-02,-37476,48958,86434
Producer/Merchant/Processor/User,2014-08-26,-41755,46660,88415
Producer/Merchant/Processor/User,2014-08-19,-54095,48184,102279
Producer/Merchant/Processor/User,2014-08-12,-56406,47473,103879
Producer/Merchant/Processor/User,2014-08-05,-47014,48975,95989
Producer/Merchant/Processor/User,2014-07-29,-55292,51671,106963
Producer/Merchant/Processor/User,2014-07-22,-57147,55796,112943
Producer/Merchant/Processor/User,2014-07-15,-54313,56133,110446
Producer/Merchant/Processor/User,2014-07-08,-58261,53903,112164
Producer/Merchant/Processor/User,2014-07-01,-53712,57461,111173
Producer/Merchant/Processor/User,2014-06-24,-38631,64842,103473
Producer/Merchant/Processor/User,2014-06-17,-15841,66384,82225
Producer/Merchant/Processor/User,2014-06-10,-12296,64950,77246
Producer/Merchant/Processor/User,2014-06-03,-13727,68110,81837
Producer/Merchant/Processor/User,2014-05-27,-15938,67224,83162
Producer/Merchant/Processor/User,2014-05-20,-29076,80208,109284
Producer/Merchant/Processor/User,2014-05-13,-29720,83634,113354
Producer/Merchant/Processor/User,2014-05-06,-23041,84308,107349
Producer/Merchant/Processor/User,2014-04-29,-19899,81574,101473
Producer/Merchant/Processor/User,2014-04-22,-17307,82751,100058
Producer/Merchant/Processor/User,2014-04-15,-17767,81537,99304
Producer/Merchant/Processor/User,2014-04-08,-26411,77976,104387
Producer/Merchant/Processor/User,2014-04-01,-25283,78211,103494
Producer/Merchant/Processor/User,2014-03-25,-28204,86984,115188
Producer/Merchant/Processor/User,2014-03-18,-64662,90011,154673
Producer/Merchant/Processor/User,2014-03-11,-49312,87836,137148
Producer/Merchant/Processor/User,2014-03-04,-46327,92207,138534
Producer/Merchant/Processor/User,2014-02-25,-39564,92455,132019
Producer/Merchant/Processor/User,2014-02-18,-29265,96844,126109
Producer/Merchant/Processor/User,2014-02-11,-9175,103829,113004
Producer/Merchant/Processor/User,2014-02-04,-6356,107788,114144
Producer/Merchant/Processor/User,2014-01-28,-10513,106294,116807
Producer/Merchant/Processor/User,2014-01-21,6120,129859,123739
Producer/Merchant/Processor/User,2014-01-14,6687,125183,118496
Producer/Merchant/Processor/User,2014-01-07,4154,108812,104658
Producer/Merchant/Processor/User,2013-12-31,7060,107862,100802
Producer/Merchant/Processor/User,2013-12-24,11568,112056,100488
Producer/Merchant/Processor/User,2013-12-17,10363,113633,103270
Producer/Merchant/Processor/User,2013-12-10,9285,107216,97931
Producer/Merchant/Processor/User,2013-12-03,11689,111395,99706
Producer/Merchant/Processor/User,2013-11-26,6199,113179,106980
Producer/Merchant/Processor/User,2013-11-19,-12312,112988,125300
Producer/Merchant/Processor/User,2013-11-12,-19549,116571,136120
Producer/Merchant/Processor/User,2013-11-05,-27548,114371,141919
Producer/Merchant/Processor/User,2013-10-29,-26125,117944,144069
Producer/Merchant/Processor/User,2013-10-22,-19573,118685,138258
Producer/Merchant/Processor/User,2013-10-15,-9343,121937,131280
Producer/Merchant/Processor/User,2013-10-08,-16140,117167,133307
Producer/Merchant/Processor/User,2013-10-01,-8615,119458,128073
Producer/Merchant/Processor/User,2013-09-24,-15789,112584,128373
Producer/Merchant/Processor/User,2013-09-17,-13841,114574,128415
Producer/Merchant/Processor/User,2013-09-10,-21880,111568,133448
Producer/Merchant/Processor/User,2013-09-03,-32584,107955,140539
Producer/Merchant/Processor/User,2013-08-27,-28560,107524,136084
Producer/Merchant/Processor/User,2013-08-20,-17527,114965,132492
Producer/Merchant/Processor/User,2013-08-13,-8896,126163,135059
Producer/Merchant/Processor/User,2013-08-06,-4514,129863,134377
Producer/Merchant/Processor/User,2013-07-30,-5309,130159,135468
Producer/Merchant/Processor/User,2013-07-23,-10680,147443,158123
Producer/Merchant/Processor/User,2013-07-16,-10655,147808,158463
Producer/Merchant/Processor/User,2013-07-09,-10047,131899,141946
Producer/Merchant/Processor/User,2013-07-02,-10660,119172,129832
Producer/Merchant/Processor/User,2013-06-25,-14242,105070,119312
Producer/Merchant/Processor/User,2013-06-18,-15847,96315,112162
Producer/Merchant/Processor/User,2013-06-11,-26212,92528,118740
Producer/Merchant/Processor/User,2013-06-04,-30963,91473,122436
Producer/Merchant/Processor/User,2013-05-28,-34853,99639,134492
Producer/Merchant/Processor/User,2013-05-21,-32237,133276,165513
Producer/Merchant/Processor/User,2013-05-14,-27478,130874,158352
Producer/Merchant/Processor/User,2013-05-07,-38096,115402,153498
Producer/Merchant/Processor/User,2013-04-30,-43377,107156,150533
Producer/Merchant/Processor/User,2013-04-23,-49747,106073,155820
Producer/Merchant/Processor/User,2013-04-16,-72725,97079,169804
Producer/Merchant/Processor/User,2013-04-09,-78373,76515,154888
Producer/Merchant/Processor/User,2013-04-02,-83013,76927,159940
Producer/Merchant/Processor/User,2013-03-26,-96997,79643,176640
Producer/Merchant/Processor/User,2013-03-19,-98246,80961,179207
Producer/Merchant/Processor/User,2013-03-12,-94725,79504,174229
Producer/Merchant/Processor/User,2013-03-05,-97733,77128,174861
Producer/Merchant/Processor/User,2013-02-26,-107625,71140,178765
Producer/Merchant/Processor/User,2013-02-19,-104231,75786,180017
Producer/Merchant/Processor/User,2013-02-12,-126477,70643,197120
Producer/Merchant/Processor/User,2013-02-05,-136889,66216,203105
Producer/Merchant/Processor/User,2013-01-29,-132115,78072,210187
Producer/Merchant/Processor/User,2013-01-22,-139861,77160,217021
Producer/Merchant/Processor/User,2013-01-15,-134969,73645,208614
Producer/Merchant/Processor/User,2013-01-08,-134796,70941,205737
Producer/Merchant/Processor/User,2012-12-31,-136338,66179,202517
Producer/Merchant/Processor/User,2012-12-24,-136872,70194,207066
Producer/Merchant/Processor/User,2012-12-18,-150361,66273,216634
Producer/Merchant/Processor/User,2012-12-11,-164669,64997,229666
Producer/Merchant/Processor/User,2012-12-04,-176021,61779,237800
Producer/Merchant/Processor/User,2012-11-27,-200080,58371,258451
Producer/Merchant/Processor/User,2012-11-20,-187799,65983,253782
Producer/Merchant/Processor/User,2012-11-13,-182182,66704,248886
Producer/Merchant/Processor/User,2012-11-06,-168380,64056,232436
Producer/Merchant/Processor/User,2012-10-30,-185436,60875,246311
Producer/Merchant/Processor/User,2012-10-23,-190187,63332,253519
Producer/Merchant/Processor/User,2012-10-16,-200596,60277,260873
Producer/Merchant/Processor/User,2012-10-09,-218306,62645,280951
Producer/Merchant/Processor/User,2012-10-02,-216182,62734,278916
Producer/Merchant/Processor/User,2012-09-25,-212638,64612,277250
Producer/Merchant/Processor/User,2012-09-18,-193373,70043,263416
Producer/Merchant/Processor/User,2012-09-11,-192957,97777,290734
Producer/Merchant/Processor/User,2012-09-04,-178188,93289,271477
Producer/Merchant/Processor/User,2012-08-28,-160589,92446,253035
Producer/Merchant/Processor/User,2012-08-21,-144161,92001,236162
Producer/Merchant/Processor/User,2012-08-14,-131158,94161,225319
Producer/Merchant/Processor/User,2012-08-07,-133926,97018,230944
Producer/Merchant/Processor/User,2012-07-31,-145671,100755,246426
Producer/Merchant/Processor/User,2012-07-24,-133046,106691,239737
Producer/Merchant/Processor/User,2012-07-17,-155016,103007,258023
Producer/Merchant/Processor/User,2012-07-10,-149345,103600,252945
Producer/Merchant/Processor/User,2012-07-03,-152775,102983,255758
Producer/Merchant/Processor/User,2012-06-26,-137972,103053,241025
Producer/Merchant/Processor/User,2012-06-19,-147487,103117,250604
Producer/Merchant/Processor/User,2012-06-12,-134044,101247,235291
Producer/Merchant/Processor/User,2012-06-05,-136405,101693,238098
Producer/Merchant/Processor/User,2012-05-29,-121290,114740,236030
Producer/Merchant/Processor/User,2012-05-22,-128505,123550,252055
Producer/Merchant/Processor/User,2012-05-15,-124791,110207,234998
Producer/Merchant/Processor/User,2012-05-08,-130820,106961,237781
Producer/Merchant/Processor/User,2012-05-01,-148410,101478,249888
Producer/Merchant/Processor/User,2012-04-24,-135674,105306,240980
Producer/Merchant/Processor/User,2012-04-17,-143966,99865,243831
Producer/Merchant/Processor/User,2012-04-10,-139102,101256,240358
Producer/Merchant/Processor/User,2012-04-03,-147222,100932,248154
Producer/Merchant/Processor/User,2012-03-27,-157150,98649,255799
Producer/Merchant/Processor/User,2012-03-20,-148762,111927,260689
Producer/Merchant/Processor/User,2012-03-13,-165502,105330,270832
Producer/Merchant/Processor/User,2012-03-06,-168222,104819,273041
Producer/Merchant/Processor/User,2012-02-28,-203452,101607,305059
Producer/Merchant/Processor/User,2012-02-21,-193517,102813,296330
Producer/Merchant/Processor/User,2012-02-14,-180376,102553,282929
Producer/Merchant/Processor/User,2012-02-07,-189072,102356,291428
Producer/Merchant/Processor/User,2012-01-31,-180604,104818,285422
Producer/Merchant/Processor/User,2012-01-24,-169898,110071,279969
Producer/Merchant/Processor/User,2012-01-17,-163369,115531,278900
Producer/Merchant/Processor/User,2012-01-10,-148371,113808,262179
Producer/Merchant/Processor/User,2012-01-03,-149842,111435,261277
Producer/Merchant/Processor/User,2011-12-27,-152386,110347,262733
Producer/Merchant/Processor/User,2011-12-20,-157149,110812,267961
Producer/Merchant/Processor/User,2011-12-13,-172269,107830,280099
Producer/Merchant/Processor/User,2011-12-06,-179603,102407,282010
Producer/Merchant/Processor/User,2011-11-29,-169138,111379,280517
Producer/Merchant/Processor/User,2011-11-22,-165410,122214,287624
Producer/Merchant/Processor/User,2011-11-15,-195662,127932,323594
Producer/Merchant/Processor/User,2011-11-08,-197555,125890,323445
Producer/Merchant/Processor/User,2011-11-01,-188069,127007,315076
Producer/Merchant/Processor/User,2011-10-25,-181804,132511,314315
Producer/Merchant/Processor/User,2011-10-18,-174001,136462,310463
Producer/Merchant/Processor/User,2011-10-11,-175997,135415,311412
Producer/Merchant/Processor/User,2011-10-04,-172365,137575,309940
Producer/Merchant/Processor/User,2011-09-27,-168334,144718,313052
Producer/Merchant/Processor/User,2011-09-20,-191261,147898,339159
Producer/Merchant/Processor/User,2011-09-13,-195399,145941,341340
Producer/Merchant/Processor/User,2011-09-06,-213838,152744,366582
Producer/Merchant/Processor/User,2011-08-30,-201953,151656,353609
Producer/Merchant/Processor/User,2011-08-23,-206222,148932,355154
Producer/Merchant/Processor/User,2011-08-16,-206125,130092,336217
Producer/Merchant/Processor/User,2011-08-09,-202863,121993,324856
Producer/Merchant/Processor/User,2011-08-02,-206665,106890,313555
Producer/Merchant/Processor/User,2011-07-26,-206859,102986,309845
Producer/Merchant/Processor/User,2011-07-19,-190395,108672,299067
Producer/Merchant/Processor/User,2011-07-12,-183788,100862,284650
Producer/Merchant/Processor/User,2011-07-05,-155510,100404,255914
Producer/Merchant/Processor/User,2011-06-28,-161296,99658,260954
Producer/Merchant/Processor/User,2011-06-21,-189212,95517,284729
Producer/Merchant/Processor/User,2011-06-14,-178804,92931,271735
Producer/Merchant/Processor/User,2011-06-07,-185436,91400,276836
Producer/Merchant/Processor/User,2011-05-31,-180733,96223,276956
Producer/Merchant/Processor/User,2011-05-24,-175441,109812,285253
Producer/Merchant/Processor/User,2011-05-17,-164482,100266,264748
Producer/Merchant/Processor/User,2011-05-10,-174739,95856,270595
Producer/Merchant/Processor/User,2011-05-03,-180855,90578,271433
Producer/Merchant/Processor/User,2011-04-26,-175612,93911,269523
Producer/Merchant/Processor/User,2011-04-19,-187061,92155,279216
Producer/Merchant/Processor/User,2011-04-12,-171303,92112,263415
Producer/Merchant/Processor/User,2011-04-05,-168166,90652,258818
Producer/Merchant/Processor/User,2011-03-29,-161389,90548,251937
Producer/Merchant/Processor/User,2011-03-22,-156098,86304,242402
Producer/Merchant/Processor/User,2011-03-15,-147882,89527,237409
Producer/Merchant/Processor/User,2011-03-08,-161730,83160,244890
Producer/Merchant/Processor/User,2011-03-01,-156594,80310,236904
Producer/Merchant/Processor/User,2011-02-22,-147725,80685,228410
Producer/Merchant/Processor/User,2011-02-15,-136656,78018,214674
Producer/Merchant/Processor/User,2011-02-08,-132982,77112,210094
Producer/Merchant/Processor/User,2011-02-01,-127574,78396,205970
Producer/Merchant/Processor/User,2011-01-25,-130469,93584,224053
Producer/Merchant/Processor/User,2011-01-18,-141713,107588,249301
Producer/Merchant/Processor/User,2011-01-11,-158136,104066,262202
Producer/Merchant/Processor/User,2011-01-04,-168369,98203,266572
Producer/Merchant/Processor/User,2010-12-28,-166711,96558,263269
Producer/Merchant/Processor/User,2010-12-21,-164320,98031,262351
Producer/Merchant/Processor/User,2010-12-14,-174533,94493,269026
Producer/Merchant/Processor/User,2010-12-07,-185027,92405,277432
Producer/Merchant/Processor/User,2010-11-30,-174101,93383,267484
Producer/Merchant/Processor/User,2010-11-23,-176940,95013,271953
Producer/Merchant/Processor/User,2010-11-16,-178438,102820,281258
Producer/Merchant/Processor/User,2010-11-09,-208926,98648,307574
Producer/Merchant/Processor/User,2010-11-02,-195375,93954,289329
Producer/Merchant/Processor/User,2010-10-26,-192039,84655,276694
Producer/Merchant/Processor/User,2010-10-19,-200545,89295,289840
Producer/Merchant/Processor/User,2010-10-12,-200427,91001,291428
Producer/Merchant/Processor/User,2010-10-05,-197592,87721,285313
Producer/Merchant/Processor/User,2010-09-28,-196950,86140,283090
Producer/Merchant/Processor/User,2010-09-21,-192768,82500,275268
Producer/Merchant/Processor/User,2010-09-14,-193825,84426,278251
Producer/Merchant/Processor/User,2010-09-07,-193848,81294,275142
Producer/Merchant/Processor/User,2010-08-31,-190318,81311,271629
Producer/Merchant/Processor/User,2010-08-24,-181676,82079,263755
Producer/Merchant/Processor/User,2010-08-17,-172129,82496,254625
Producer/Merchant/Processor/User,2010-08-10,-159775,84578,244353
Producer/Merchant/Processor/User,2010-08-03,-156839,88354,245193
Producer/Merchant/Processor/User,2010-07-27,-168066,95180,263246
Producer/Merchant/Processor/User,2010-07-20,-159403,118061,277464
Producer/Merchant/Processor/User,2010-07-13,-187783,96779,284562
Producer/Merchant/Processor/User,2010-07-06,-186788,98644,285432
Producer/Merchant/Processor/User,2010-06-29,-217018,90351,307369
Producer/Merchant/Processor/User,2010-06-22,-230145,91405,321550
Producer/Merchant/Processor/User,2010-06-15,-227601,84856,312457
Producer/Merchant/Processor/User,2010-06-08,-224377,85896,310273
Producer/Merchant/Processor/User,2010-06-01,-217555,79559,297114
Producer/Merchant/Processor/User,2010-05-25,-213955,75964,289919
Producer/Merchant/Processor/User,2010-05-18,-236892,74937,311829
Producer/Merchant/Processor/User,2010-05-11,-234202,75671,309873
Producer/Merchant/Processor/User,2010-05-04,-201457,70192,271649
Producer/Merchant/Processor/User,2010-04-27,-189896,67524,257420
Producer/Merchant/Processor/User,2010-04-20,-186822,66339,253161
Producer/Merchant/Processor/User,2010-04-13,-184855,66076,250931
Producer/Merchant/Processor/User,2010-04-06,-163847,64728,228575
Producer/Merchant/Processor/User,2010-03-30,-135134,74776,209910
Producer/Merchant/Processor/User,2010-03-23,-138703,73785,212488
Producer/Merchant/Processor/User,2010-03-16,-152892,65723,218615
Producer/Merchant/Processor/User,2010-03-09,-165320,56355,221675
Producer/Merchant/Processor/User,2010-03-02,-167104,51040,218144
Producer/Merchant/Processor/User,2010-02-23,-159295,50677,209972
Producer/Merchant/Processor/User,2010-02-16,-137412,56415,193827
Producer/Merchant/Processor/User,2010-02-09,-147915,56950,204865
Producer/Merchant/Processor/User,2010-02-02,-166665,52255,218920
Producer/Merchant/Processor/User,2010-01-26,-176537,57233,233770
Producer/Merchant/Processor/User,2010-01-19,-198145,60397,258542
Producer/Merchant/Processor/User,2010-01-12,-203420,57469,260889
Producer/Merchant/Processor/User,2010-01-05,-193589,57571,251160
Producer/Merchant/Processor/User,2009-12-29,-191281,57850,249131
Producer/Merchant/Processor/User,2009-12-22,-198618,56915,255533
Producer/Merchant/Processor/User,2009-12-15,-202570,55461,258031
Producer/Merchant/Processor/User,2009-12-08,-198867,55227,254094
Producer/Merchant/Processor/User,2009-12-01,-199276,59291,258567
Producer/Merchant/Processor/User,2009-11-24,-209825,54999,264824
Producer/Merchant/Processor/User,2009-11-17,-198730,63986,262716
Producer/Merchant/Processor/User,2009-11-09,-202105,59336,261441
Producer/Merchant/Processor/User,2009-11-03,-200042,59276,259318
Producer/Merchant/Processor/User,2009-10-27,-195972,53986,249958
Producer/Merchant/Processor/User,2009-10-20,-208767,55734,264501
Producer/Merchant/Processor/User,2009-10-13,-208633,55799,264432
Producer/Merchant/Processor/User,2009-10-06,-193237,53146,246383
Producer/Merchant/Processor/User,2009-09-29,-185327,55434,240761
Producer/Merchant/Processor/User,2009-09-22,-193775,52699,246474
Producer/Merchant/Processor/User,2009-09-15,-196830,51596,248426
Producer/Merchant/Processor/User,2009-09-08,-193683,52591,246274
Producer/Merchant/Processor/User,2009-09-01,-138862,48686,187548
Producer/Merchant/Processor/User,2009-08-25,-153186,48075,201261
Producer/Merchant/Processor/User,2009-08-18,-147290,48495,195785
Producer/Merchant/Processor/User,2009-08-11,-162752,46600,209352
Producer/Merchant/Processor/User,2009-08-04,-163483,49650,213133
Producer/Merchant/Processor/User,2009-07-28,-155857,50025,205882
Producer/Merchant/Processor/User,2009-07-21,-154206,51908,206114
Producer/Merchant/Processor/User,2009-07-14,-147732,49888,197620
Producer/Merchant/Processor/User,2009-07-07,-160229,51559,211788
Producer/Merchant/Processor/User,2009-06-30,-162348,50138,212486
Producer/Merchant/Processor/User,2009-06-23,-157547,49382,206929
Producer/Merchant/Processor/User,2009-06-16,-166321,51238,217559
Producer/Merchant/Processor/User,2009-06-09,-178256,51775,230031
Producer/Merchant/Processor/User,2009-06-02,-182644,55351,237995
Producer/Merchant/Processor/User,2009-05-26,-167223,50988,218211
Producer/Merchant/Processor/User,2009-05-19,-150197,56687,206884
Producer/Merchant/Processor/User,2009-05-12,-139761,52875,192636
Producer/Merchant/Processor/User,2009-05-05,-129367,51774,181141
Producer/Merchant/Processor/User,2009-04-28,-123989,59734,183723
Producer/Merchant/Processor/User,2009-04-21,-119288,61978,181266
Producer/Merchant/Processor/User,2009-04-14,-123593,59958,183551
Producer/Merchant/Processor/User,2009-04-07,-126499,67182,193681
Producer/Merchant/Processor/User,2009-03-31,-152483,80862,233345
Producer/Merchant/Processor/User,2009-03-24,-158833,96217,255050
Producer/Merchant/Processor/User,2009-03-17,-157095,83163,240258
Producer/Merchant/Processor/User,2009-03-10,-162142,64571,226713
Producer/Merchant/Processor/User,2009-03-03,-170026,62628,232654
Producer/Merchant/Processor/User,2009-02-24,-169884,67205,237089
Producer/Merchant/Processor/User,2009-02-17,-168782,69025,237807
Producer/Merchant/Processor/User,2009-02-10,-162253,68184,230437
Producer/Merchant/Processor/User,2009-02-03,-153057,66978,220035
Producer/Merchant/Processor/User,2009-01-27,-140198,71841,212039
Producer/Merchant/Processor/User,2009-01-20,-123720,68061,191781
Producer/Merchant/Processor/User,2009-01-13,-122903,67301,190204
Producer/Merchant/Processor/User,2009-01-06,-124521,63719,188240
Producer/Merchant/Processor/User,2008-12-30,-116119,60179,176298
Producer/Merchant/Processor/User,2008-12-22,-107868,62030,169898
Producer/Merchant/Processor/User,2008-12-16,-106381,60712,167093
Producer/Merchant/Processor/User,2008-12-09,-88717,59739,148456
Producer/Merchant/Processor/User,2008-12-02,-91114,57540,148654
Producer/Merchant/Processor/User,2008-11-25,-87720,62288,150008
Producer/Merchant/Processor/User,2008-11-18,-62655,73562,136217
Producer/Merchant/Processor/User,2008-11-11,-58230,70589,128819
Producer/Merchant/Processor/User,2008-11-04,-54721,70639,125360
Producer/Merchant/Processor/User,2008-10-28,-60045,81897,141942
Producer/Merchant/Processor/User,2008-10-21,-70296,76207,146503
Producer/Merchant/Processor/User,2008-10-14,-80752,68144,148896
Producer/Merchant/Processor/User,2008-10-07,-77273,77562,154835
Producer/Merchant/Processor/User,2008-09-30,-78037,81855,159892
Producer/Merchant/Processor/User,2008-09-23,-70301,94211,164512
Producer/Merchant/Processor/User,2008-09-16,-25782,120073,145855
Producer/Merchant/Processor/User,2008-09-09,-36923,117265,154188
Producer/Merchant/Processor/User,2008-09-02,-43491,109591,153082
Producer/Merchant/Processor/User,2008-08-26,-52711,103358,156069
Producer/Merchant/Processor/User,2008-08-19,-65802,97680,163482
Producer/Merchant/Processor/User,2008-08-12,-83335,80559,163894
Producer/Merchant/Processor/User,2008-08-05,-128829,74640,203469
Producer/Merchant/Processor/User,2008-07-29,-144207,87803,232010
Producer/Merchant/Processor/User,2008-07-22,-166735,89355,256090
Producer/Merchant/Processor/User,2008-07-15,-168866,92417,261283
Producer/Merchant/Processor/User,2008-07-08,-145248,74725,219973
Producer/Merchant/Processor/User,2008-07-01,-141979,67403,209382
Producer/Merchant/Processor/User,2008-06-24,-123088,62585,185673
Producer/Merchant/Processor/User,2008-06-17,-127868,62494,190362
Producer/Merchant/Processor/User,2008-06-10,-131660,59329,190989
Producer/Merchant/Processor/User,2008-06-03,-146530,61710,208240
Producer/Merchant/Processor/User,2008-05-27,-154920,60619,215539
Producer/Merchant/Processor/User,2008-05-20,-161081,69087,230168
Producer/Merchant/Processor/User,2008-05-13,-138582,77799,216381
Producer/Merchant/Processor/User,2008-05-06,-138393,76829,215222
Producer/Merchant/Processor/User,2008-04-29,-142594,70964,213558
Producer/Merchant/Processor/User,2008-04-22,-154958,69245,224203
Producer/Merchant/Processor/User,2008-04-15,-155090,64277,219367
Producer/Merchant/Processor/User,2008-04-08,-144645,64811,209456
Producer/Merchant/Processor/User,2008-04-01,-142069,65471,207540
Producer/Merchant/Processor/User,2008-03-25,-154977,65921,220898
Producer/Merchant/Processor/User,2008-03-18,-187696,66661,254357
Producer/Merchant/Processor/User,2008-03-11,-179781,58746,238527
Producer/Merchant/Processor/User,2008-03-04,-172516,65558,238074
Producer/Merchant/Processor/User,2008-02-26,-177009,72523,249532
Producer/Merchant/Processor/User,2008-02-19,-175784,71708,247492
Producer/Merchant/Processor/User,2008-02-12,-166544,69211,235755
Producer/Merchant/Processor/User,2008-02-05,-166592,78052,244644
Producer/Merchant/Processor/User,2008-01-29,-181708,85872,267580
Producer/Merchant/Processor/User,2008-01-22,-181352,85882,267234
Producer/Merchant/Processor/User,2008-01-15,-192665,95829,288494
Producer/Merchant/Processor/User,2008-01-08,-188829,91421,280250
Producer/Merchant/Processor/User,2007-12-31,-192713,94136,286849
Producer/Merchant/Processor/User,2007-12-24,-185441,90101,275542
Producer/Merchant/Processor/User,2007-12-18,-176033,86178,262211
Producer/Merchant/Processor/User,2007-12-11,-175271,86538,261809
Producer/Merchant/Processor/User,2007-12-04,-180559,94181,274740
Producer/Merchant/Processor/User,2007-11-27,-189573,97314,286887
Producer/Merchant/Processor/User,2007-11-20,-190042,88087,278129
Producer/Merchant/Processor/User,2007-11-13,-193809,82878,276687
Producer/Merchant/Processor/User,2007-11-06,-202367,76518,278885
Producer/Merchant/Processor/User,2007-10-30,-193592,68360,261952
Producer/Merchant/Processor/User,2007-10-23,-177627,61367,238994
Producer/Merchant/Processor/User,2007-10-16,-184776,58172,242948
Producer/Merchant/Processor/User,2007-10-09,-178613,56772,235385
Producer/Merchant/Processor/User,2007-10-02,-162889,56032,218921
Producer/Merchant/Processor/User,2007-09-25,-149980,58900,208880
Producer/Merchant/Processor/User,2007-09-18,-130789,53199,183988
Producer/Merchant/Processor/User,2007-09-11,-121595,52783,174378
Producer/Merchant/Processor/User,2007-09-04,-88717,56352,145069
Producer/Merchant/Processor/User,2007-08-28,-71639,63998,135637
Producer/Merchant/Processor/User,2007-08-21,-62016,66989,129005
Producer/Merchant/Processor/User,2007-08-14,-83416,57938,141354
Producer/Merchant/Processor/User,2007-08-07,-78666,57648,136314
Producer/Merchant/Processor/User,2007-07-31,-76804,61552,138356
Producer/Merchant/Processor/User,2007-07-24,-98003,60863,158866
Producer/Merchant/Processor/User,2007-07-17,-75541,67324,142865
Producer/Merchant/Processor/User,2007-07-10,-71455,71637,143092
Producer/Merchant/Processor/User,2007-07-03,-66627,70061,136688
Producer/Merchant/Processor/User,2007-06-26,-59087,84402,143489
Producer/Merchant/Processor/User,2007-06-19,-66723,83004,149727
Producer/Merchant/Processor/User,2007-06-12,-66168,84254,150422
Producer/Merchant/Processor/User,2007-06-05,-92608,64162,156770
Producer/Merchant/Processor/User,2007-05-29,-80773,82272,163045
Producer/Merchant/Processor/User,2007-05-22,-90464,73853,164317
Producer/Merchant/Processor/User,2007-05-15,-102011,66863,168874
Producer/Merchant/Processor/User,2007-05-08,-126827,62808,189635
Producer/Merchant/Processor/User,2007-05-01,-124492,57725,182217
Producer/Merchant/Processor/User,2007-04-24,-122063,59749,181812
Producer/Merchant/Processor/User,2007-04-17,-116887,57646,174533
Producer/Merchant/Processor/User,2007-04-10,-105905,60893,166798
Producer/Merchant/Processor/User,2007-04-03,-87034,62112,149146
Producer/Merchant/Processor/User,2007-03-27,-97162,57504,154666
Producer/Merchant/Processor/User,2007-03-20,-95054,64307,159361
Producer/Merchant/Processor/User,2007-03-13,-96336,73613,169949
Producer/Merchant/Processor/User,2007-03-06,-99246,67506,166752
Producer/Merchant/Processor/User,2007-02-27,-128143,63467,191610
Producer/Merchant/Processor/User,2007-02-20,-119877,55735,175612
Producer/Merchant/Processor/User,2007-02-13,-115787,55706,171493
Producer/Merchant/Processor/User,2007-02-06,-105778,53021,158799
Producer/Merchant/Processor/User,2007-01-30,-93128,55258,148386
Producer/Merchant/Processor/User,2007-01-23,-80652,68321,148973
Producer/Merchant/Processor/User,2007-01-16,-66285,63169,129454
Producer/Merchant/Processor/User,2007-01-09,-64613,61731,126344
Producer/Merchant/Processor/User,2007-01-03,-82503,59523,142026
Producer/Merchant/Processor/User,2006-12-26,-77059,62269,139328
Producer/Merchant/Processor/User,2006-12-19,-75191,62701,137892
Producer/Merchant/Processor/User,2006-12-12,-82169,56527,138696
Producer/Merchant/Processor/User,2006-12-05,-81592,56787,138379
Producer/Merchant/Processor/User,2006-11-28,-79166,62564,141730
Producer/Merchant/Processor/User,2006-11-21,-81471,71887,153358
Producer/Merchant/Processor/User,2006-11-14,-82748,75827,158575
Producer/Merchant/Processor/User,2006-11-07,-76668,69676,146344
Producer/Merchant/Processor/User,2006-10-31,-62168,67289,129457
Producer/Merchant/Processor/User,2006-10-24,-56830,75101,131931
Producer/Merchant/Processor/User,2006-10-17,-60286,71558,131844
Producer/Merchant/Processor/User,2006-10-10,-61282,72256,133538
Producer/Merchant/Processor/User,2006-10-03,-65237,66104,131341
Producer/Merchant/Processor/User,2006-09-26,-67790,63370,131160
Producer/Merchant/Processor/User,2006-09-19,-74287,61312,135599
Producer/Merchant/Processor/User,2006-09-12,-79685,53732,133417
Producer/Merchant/Processor/User,2006-09-05,-90277,54238,144515
Producer/Merchant/Processor/User,2006-08-29,-85606,51201,136807
Producer/Merchant/Processor/User,2006-08-22,-90551,48070,138621
Producer/Merchant/Processor/User,2006-08-15,-92804,46986,139790
Producer/Merchant/Processor/User,2006-08-08,-96037,46203,142240
Producer/Merchant/Processor/User,2006-08-01,-90827,45161,135988
Producer/Merchant/Processor/User,2006-07-25,-80431,52859,133290
Producer/Merchant/Processor/User,2006-07-18,-81303,49863,131166
Producer/Merchant/Processor/User,2006-07-11,-76109,54509,130618
Producer/Merchant/Processor/User,2006-07-03,-74481,48087,122568
Producer/Merchant/Processor/User,2006-06-27,-73441,48449,121890
Producer/Merchant/Processor/User,2006-06-20,-79552,47440,126992
Producer/Merchant/Processor/User,2006-06-13,-86305,42587,128892
Swap Dealer,2024-10-08,-234148,42490,276638
Swap Dealer,2024-10-01,-254217,39878,294095
Swap Dealer,2024-09-24,-258642,41644,300286
Swap Dealer,2024-09-17,-256015,41685,297700
Swap Dealer,2024-09-10,-230553,48329,278882
Swap Dealer,2024-09-03,-240911,50964,291875
Swap Dealer,2024-08-27,-256488,48757,305245
Swap Dealer,2024-08-20,-257742,49742,307484
Swap Dealer,2024-08-13,-243665,51936,295601
Swap Dealer,2024-08-06,-223022,55683,278705
Swap Dealer,2024-07-30,-232796,52195,284991
Swap Dealer,2024-07-23,-242953,55813,298766
Swap Dealer,2024-07-16,-251017,57785,308802
Swap Dealer,2024-07-09,-229625,58882,288507
Swap Dealer,2024-06-25,-230469,55654,286123
Swap Dealer,2024-06-18,-231823,54160,285983
Swap Dealer,2024-06-11,-223010,54335,277345
Swap Dealer,2024-06-04,-233260,54735,287995
Swap Dealer,2024-05-28,-231251,67077,298328
Swap Dealer,2024-05-21,-244713,70693,315406
Swap Dealer,2024-05-14,-224323,70909,295232
Swap Dealer,2024-05-07,-215587,68665,284252
Swap Dealer,2024-04-30,-217363,68824,286187
Swap Dealer,2024-04-23,-214487,70526,285013
Swap Dealer,2024-04-16,-211569,72383,283952
Swap Dealer,2024-04-09,-207448,73338,280786
Swap Dealer,2024-04-02,-204132,74392,278524
Swap Dealer,2024-03-26,-186498,76142,262640
Swap Dealer,2024-03-19,-181717,73439,255156
Swap Dealer,2024-03-12,-184947,71471,256418
Swap Dealer,2024-03-05,-170393,72704,243097
Swap Dealer,2024-02-27,-122165,77884,200049
Swap Dealer,2024-02-20,-123919,77976,201895
Swap Dealer,2024-02-13,-121146,81366,202512
Swap Dealer,2024-02-06,-148063,75819,223882
Swap Dealer,2024-01-30,-140710,75597,216307
Swap Dealer,2024-01-23,-157994,76257,234251
Swap Dealer,2024-01-16,-171485,74046,245531
Swap Dealer,2024-01-09,-177639,76049,253688
Swap Dealer,2024-01-02,-204569,71317,275886
Swap Dealer,2023-12-26,-198150,69854,268004
Swap Dealer,2023-12-19,-190641,69958,260599
Swap Dealer,2023-12-12,-173164,73712,246876
Swap Dealer,2023-12-05,-188280,72632,260912
Swap Dealer,2023-11-28,-181916,72931,254847
Swap Dealer,2023-11-21,-155933,78573,234506
Swap Dealer,2023-11-14,-140613,83225,223838
Swap Dealer,2023-11-07,-149101,80888,229989
Swap Dealer,2023-10-31,-146503,78167,224670
Swap Dealer,2023-10-24,-129529,81966,211495
Swap Dealer,2023-10-17,-97353,86810,184163
Swap Dealer,2023-10-10,-64826,95749,160575
Swap Dealer,2023-10-03,-79478,91477,170955
Swap Dealer,2023-09-26,-108593,91008,199601
Swap Dealer,2023-09-19,-131308,84209,215517
Swap Dealer,2023-09-12,-123591,86575,210166
Swap Dealer,2023-09-05,-136905,83809,220714
Swap Dealer,2023-08-29,-124362,85064,209426
Swap Dealer,2023-08-22,-102801,90606,193407
Swap Dealer,2023-08-15,-120847,89744,210591
Swap Dealer,2023-08-08,-143091,91044,234135
Swap Dealer,2023-08-01,-160169,90411,250580
Swap Dealer,2023-07-25,-163311,86593,249904
Swap Dealer,2023-07-18,-179720,84400,264120
Swap Dealer,2023-07-11,-161502,89577,251079
Swap Dealer,2023-07-03,-159573,90133,249706
Swap Dealer,2023-06-27,-151382,94824,246206
Swap Dealer,2023-06-20,-159061,95175,254236
Swap Dealer,2023-06-13,-159137,93368,252505
Swap Dealer,2023-06-06,-169729,91085,260814
Swap Dealer,2023-05-30,-160568,92838,253406
Swap Dealer,2023-05-23,-172911,94612,267523
Swap Dealer,2023-05-16,-192379,96434,288813
Swap Dealer,2023-05-09,-203545,95377,298922
Swap Dealer,2023-05-02,-200267,94283,294550
Swap Dealer,2023-04-25,-192183,94541,286724
Swap Dealer,2023-04-18,-195674,93761,289435
Swap Dealer,2023-04-11,-193233,92514,285747
Swap Dealer,2023-04-04,-194785,89856,284641
Swap Dealer,2023-03-28,-166306,90835,257141
Swap Dealer,2023-03-21,-149153,92610,241763
Swap Dealer,2023-03-14,-125393,97265,222658
Swap Dealer,2023-03-07,-87617,95359,182976
Swap Dealer,2023-02-28,-99534,93481,193015
Swap Dealer,2023-02-21,-111594,89889,201483
Swap Dealer,2023-02-14,-115323,90148,205471
Swap Dealer,2023-02-07,-136873,88134,225007
Swap Dealer,2023-01-31,-167024,83654,250678
Swap Dealer,2023-01-24,-161956,85452,247408
Swap Dealer,2023-01-17,-152046,84897,236943
Swap Dealer,2023-01-10,-142517,84097,226614
Swap Dealer,2023-01-03,-132231,87558,219789
Swap Dealer,2022-12-27,-125608,89125,214733
Swap Dealer,2022-12-20,-115381,89444,204825
Swap Dealer,2022-12-13,-111626,91509,203135
Swap Dealer,2022-12-06,-98142,91387,189529
Swap Dealer,2022-11-29,-88892,97493,186385
Swap Dealer,2022-11-22,-95273,95880,191153
Swap Dealer,2022-11-15,-104551,91622,196173
Swap Dealer,2022-11-08,-73464,94908,168372
Swap Dealer,2022-11-01,-60380,98254,158634
Swap Dealer,2022-10-25,-63568,95438,159006
Swap Dealer,2022-10-18,-68562,93015,161577
Swap Dealer,2022-10-11,-77456,91854,169310
Swap Dealer,2022-10-04,-75544,94277,169821
Swap Dealer,2022-09-27,-44136,99062,143198
Swap Dealer,2022-09-20,-54188,96613,150801
Swap Dealer,2022-09-13,-81949,89922,171871
Swap Dealer,2022-09-06,-86542,89388,175930
Swap Dealer,2022-08-30,-98966,87323,186289
Swap Dealer,2022-08-23,-106016,85569,191585
Swap Dealer,2022-08-16,-120559,83908,204467
Swap Dealer,2022-08-09,-122749,83181,205930
Swap Dealer,2022-08-02,-108725,87849,196574
Swap Dealer,2022-07-26,-82029,92205,174234
Swap Dealer,2022-07-19,-84501,94886,179387
Swap Dealer,2022-07-12,-107512,92054,199566
Swap Dealer,2022-07-05,-126737,90707,217444
Swap Dealer,2022-06-28,-144335,88858,233193
Swap Dealer,2022-06-21,-152071,89680,241751
Swap Dealer,2022-06-14,-143504,90464,233968
Swap Dealer,2022-06-07,-161292,83939,245231
Swap Dealer,2022-05-31,-160169,87346,247515
Swap Dealer,2022-05-24,-175990,86976,262966
Swap Dealer,2022-05-17,-168132,91866,259998
Swap Dealer,2022-05-10,-186506,91841,278347
Swap Dealer,2022-05-03,-199443,91543,290986
Swap Dealer,2022-04-26,-218246,87012,305258
Swap Dealer,2022-04-19,-244237,83613,327850
Swap Dealer,2022-04-12,-256777,81942,338719
Swap Dealer,2022-04-05,-241616,83413,325029
Swap Dealer,2022-03-29,-250475,84554,335029
Swap Dealer,2022-03-22,-243846,90412,334258
Swap Dealer,2022-03-15,-257125,84390,341515
Swap Dealer,2022-03-08,-265295,86307,351602
Swap Dealer,2022-03-01,-235616,86923,322539
Swap Dealer,2022-02-22,-222011,88435,310446
Swap Dealer,2022-02-15,-191229,90334,281563
Swap Dealer,2022-02-08,-171006,91878,262884
Swap Dealer,2022-02-01,-158763,92093,250856
Swap Dealer,2022-01-25,-198048,81157,279205
Swap Dealer,2022-01-18,-178158,84605,262763
Swap Dealer,2022-01-11,-181536,79432,260968
Swap Dealer,2022-01-04,-191408,72281,263689
Swap Dealer,2021-12-28,-194568,71861,266429
Swap Dealer,2021-12-21,-184932,72680,257612
Swap Dealer,2021-12-14,-183846,74661,258507
Swap Dealer,2021-12-07,-195407,74934,270341
Swap Dealer,2021-11-30,-209156,69810,278966
Swap Dealer,2021-11-23,-206427,67787,274214
Swap Dealer,2021-11-16,-231785,67391,299176
Swap Dealer,2021-11-09,-223834,67691,291525
Swap Dealer,2021-11-02,-190541,70636,261177
Swap Dealer,2021-10-26,-192197,71306,263503
Swap Dealer,2021-10-19,-170210,75161,245371
Swap Dealer,2021-10-12,-161802,76215,238017
Swap Dealer,2021-10-05,-163847,76055,239902
Swap Dealer,2021-09-28,-150404,71846,222250
Swap Dealer,2021-09-21,-170717,71667,242384
Swap Dealer,2021-09-14,-187844,72028,259872
Swap Dealer,2021-09-07,-190911,72139,263050
Swap Dealer,2021-08-31,-196682,71753,268435
Swap Dealer,2021-08-24,-188268,72848,261116
Swap Dealer,2021-08-17,-169323,72869,242192
Swap Dealer,2021-08-10,-150719,71743,222462
Swap Dealer,2021-08-03,-174885,73284,248169
Swap Dealer,2021-07-27,-179529,66007,245536
Swap Dealer,2021-07-20,-178293,65708,244001
Swap Dealer,2021-07-13,-171135,65415,236550
Swap Dealer,2021-07-06,-163215,66189,229404
Swap Dealer,2021-06-29,-146671,66479,213150
Swap Dealer,2021-06-22,-151429,66754,218183
Swap Dealer,2021-06-08,-196990,63064,260054
Swap Dealer,2021-06-01,-195376,63326,258702
Swap Dealer,2021-05-25,-187127,66847,253974
Swap Dealer,2021-05-18,-175773,66091,241864
Swap Dealer,2021-05-11,-162484,66759,229243
Swap Dealer,2021-05-04,-137141,67316,204457
Swap Dealer,2021-04-27,-136465,68621,205086
Swap Dealer,2021-04-20,-140124,67766,207890
Swap Dealer,2021-04-13,-134280,67433,201713
Swap Dealer,2021-04-06,-136032,66483,202515
Swap Dealer,2021-03-30,-114694,63339,178033
Swap Dealer,2021-03-23,-122162,64851,187013
Swap Dealer,2021-03-16,-128524,65719,194243
Swap Dealer,2021-03-09,-122937,65170,188107
Swap Dealer,2021-03-02,-132634,64934,197568
Swap Dealer,2021-02-23,-161106,64119,225225
Swap Dealer,2021-02-16,-167329,65049,232378
Swap Dealer,2021-02-09,-183872,63783,247655
Swap Dealer,2021-02-02,-188295,64156,252451
Swap Dealer,2021-01-26,-192742,66605,259347
Swap Dealer,2021-01-19,-183977,65924,249901
Swap Dealer,2021-01-12,-188062,66545,254607
Swap Dealer,2021-01-05,-218033,65142,283175
Swap Dealer,2020-12-29,-201001,67525,268526
Swap Dealer,2020-12-21,-198434,67446,265880
Swap Dealer,2020-12-15,-191105,69021,260126
Swap Dealer,2020-12-08,-188566,70515,259081
Swap Dealer,2020-12-01,-179336,73528,252864
Swap Dealer,2020-11-24,-174464,75668,250132
Swap Dealer,2020-11-17,-191244,70711,261955
Swap Dealer,2020-11-10,-185031,71595,256626
Swap Dealer,2020-11-03,-195726,70384,266110
Swap Dealer,2020-10-27,-202522,71615,274137
Swap Dealer,2020-10-20,-203502,73564,277066
Swap Dealer,2020-10-13,-192586,74260,266846
Swap Dealer,2020-10-06,-202990,73513,276503
Swap Dealer,2020-09-29,-199888,73201,273089
Swap Dealer,2020-09-22,-201208,72131,273339
Swap Dealer,2020-09-15,-217630,69746,287376
Swap Dealer,2020-09-08,-209815,70099,279914
Swap Dealer,2020-09-01,-210569,70844,281413
Swap Dealer,2020-08-25,-203248,71885,275133
Swap Dealer,2020-08-18,-213967,69964,283931
Swap Dealer,2020-08-11,-210448,69505,279953
Swap Dealer,2020-08-04,-221292,67203,288495
Swap Dealer,2020-07-28,-228296,63722,292018
Swap Dealer,2020-07-21,-238679,62839,301518
Swap Dealer,2020-07-14,-236829,64445,301274
Swap Dealer,2020-07-07,-240710,65340,306050
Swap Dealer,2020-06-30,-234539,68007,302546
Swap Dealer,2020-06-23,-222500,69802,292302
Swap Dealer,2020-06-16,-196489,72346,268835
Swap Dealer,2020-06-09,-185633,72709,258342
Swap Dealer,2020-06-02,-200283,71925,272208
Swap Dealer,2020-05-26,-209557,74265,283822
Swap Dealer,2020-05-19,-226351,74583,300934
Swap Dealer,2020-05-12,-213596,75410,289006
Swap Dealer,2020-05-05,-212416,73578,285994
Swap Dealer,2020-04-28,-217276,71641,288917
Swap Dealer,2020-04-21,-210483,72193,282676
Swap Dealer,2020-04-14,-218223,71892,290115
Swap Dealer,2020-04-07,-203392,76262,279654
Swap Dealer,2020-03-31,-194892,79028,273920
Swap Dealer,2020-03-24,-218429,78595,297024
Swap Dealer,2020-03-17,-183907,84477,268384
Swap Dealer,2020-03-10,-250868,95726,346594
Swap Dealer,2020-03-03,-257252,92190,349442
Swap Dealer,2020-02-25,-279717,95715,375432
Swap Dealer,2020-02-18,-271851,102636,374487
Swap Dealer,2020-02-11,-223658,114041,337699
Swap Dealer,2020-02-04,-213030,113727,326757
Swap Dealer,2020-01-28,-253279,111826,365105
Swap Dealer,2020-01-21,-242568,113790,356358
Swap Dealer,2020-01-14,-238067,119069,357136
Swap Dealer,2020-01-07,-252833,119729,372562
Swap Dealer,2019-12-31,-246931,123100,370031
Swap Dealer,2019-12-24,-222211,120605,342816
Swap Dealer,2019-12-17,-193671,122684,316355
Swap Dealer,2019-12-10,-183471,121947,305418
Swap Dealer,2019-12-03,-206463,120097,326560
Swap Dealer,2019-11-26,-188456,119562,308018
Swap Dealer,2019-11-19,-210659,117253,327912
Swap Dealer,2019-11-12,-186706,119432,306138
Swap Dealer,2019-11-05,-204531,120874,325405
Swap Dealer,2019-10-29,-192373,116884,309257
Swap Dealer,2019-10-22,-176470,113372,289842
Swap Dealer,2019-10-15,-168167,111894,280061
Swap Dealer,2019-10-08,-194802,106372,301174
Swap Dealer,2019-10-01,-183976,104128,288104
Swap Dealer,2019-09-24,-230308,99442,329750
Swap Dealer,2019-09-17,-202700,99542,302242
Swap Dealer,2019-09-10,-189918,101229,291147
Swap Dealer,2019-09-03,-240878,90253,331131
Swap Dealer,2019-08-27,-246871,87262,334133
Swap Dealer,2019-08-20,-240950,86421,327371
Swap Dealer,2019-08-13,-238834,87615,326449
Swap Dealer,2019-08-06,-240695,90247,330942
Swap Dealer,2019-07-30,-197636,96517,294153
Swap Dealer,2019-07-23,-195087,98975,294062
Swap Dealer,2019-07-16,-187064,98793,285857
Swap Dealer,2019-07-09,-171710,101003,272713
Swap Dealer,2019-07-02,-188040,97626,285666
Swap Dealer,2019-06-25,-180077,98002,278079
Swap Dealer,2019-06-18,-156635,94870,251505
Swap Dealer,2019-06-11,-134256,93479,227735
Swap Dealer,2019-06-04,-109388,90006,199394
Swap Dealer,2019-05-28,-46433,105864,152297
Swap Dealer,2019-05-21,-38656,105310,143966
Swap Dealer,2019-05-14,-77433,93677,171110
Swap Dealer,2019-05-07,-53239,100016,153255
Swap Dealer,2019-04-30,-42489,109601,152090
Swap Dealer,2019-04-23,-22400,114935,137335
Swap Dealer,2019-04-16,-37245,107045,144290
Swap Dealer,2019-04-09,-87876,89605,177481
Swap Dealer,2019-04-02,-67092,101367,168459
Swap Dealer,2019-03-26,-101747,94532,196279
Swap Dealer,2019-03-19,-74677,97703,172380
Swap Dealer,2019-03-12,-67866,102781,170647
Swap Dealer,2019-03-05,-51311,106973,158284
Swap Dealer,2019-02-26,-100990,98706,199696
Swap Dealer,2019-02-19,-106800,99294,206094
Swap Dealer,2019-02-12,-75170,111248,186418
Swap Dealer,2019-02-05,-80472,109276,189748
Swap Dealer,2019-01-29,-71093,97985,169078
Swap Dealer,2019-01-22,-53535,98171,151706
Swap Dealer,2019-01-15,-71420,95251,166671
Swap Dealer,2019-01-08,-79735,92216,171951
Swap Dealer,2018-12-31,-93163,87528,180691
Swap Dealer,2018-12-24,-79558,88577,168135
Swap Dealer,2018-12-18,-41248,92912,134160
Swap Dealer,2018-12-11,-19993,95373,115366
Swap Dealer,2018-12-04,-7124,94297,101421
Swap Dealer,2018-11-27,28737,104216,75479
Swap Dealer,2018-11-20,26532,105408,78876
Swap Dealer,2018-11-13,52752,114063,61311
Swap Dealer,2018-11-06,27929,103815,75886
Swap Dealer,2018-10-30,34645,107379,72734
Swap Dealer,2018-10-23,22019,104645,82626
Swap Dealer,2018-10-16,32183,108082,75899
Swap Dealer,2018-10-09,75952,120906,44954
Swap Dealer,2018-10-02,57836,114258,56422
Swap Dealer,2018-09-25,58635,117964,59329
Swap Dealer,2018-09-18,54755,119954,65199
Swap Dealer,2018-09-11,58048,120938,62890
Swap Dealer,2018-09-04,63000,120443,57443
Swap Dealer,2018-08-28,41086,114350,73264
Swap Dealer,2018-08-21,50917,118567,67650
Swap Dealer,2018-08-14,51260,124998,73738
Swap Dealer,2018-08-07,37885,117572,79687
Swap Dealer,2018-07-31,18044,107393,89349
Swap Dealer,2018-07-24,6374,103362,96988
Swap Dealer,2018-07-17,15274,108671,93397
Swap Dealer,2018-07-10,-20231,96002,116233
Swap Dealer,2018-07-03,-10470,101585,112055
Swap Dealer,2018-06-26,-14631,107185,121816
Swap Dealer,2018-06-19,-29678,101191,130869
Swap Dealer,2018-06-12,-41003,96436,137439
Swap Dealer,2018-06-05,-33483,99212,132695
Swap Dealer,2018-05-29,41,115681,115640
Swap Dealer,2018-05-22,21255,119998,98743
Swap Dealer,2018-05-15,28114,122860,94746
Swap Dealer,2018-05-08,12351,122091,109740
Swap Dealer,2018-05-01,17003,124542,107539
Swap Dealer,2018-04-24,-5999,123968,129967
Swap Dealer,2018-04-17,-22925,121868,144793
Swap Dealer,2018-04-10,-20822,117876,138698
Swap Dealer,2018-04-03,-30157,114306,144463
Swap Dealer,2018-03-27,-57919,107335,165254
Swap Dealer,2018-03-20,-12446,112108,124554
Swap Dealer,2018-03-13,-23733,110570,134303
Swap Dealer,2018-03-06,-38649,108965,147614
Swap Dealer,2018-02-27,-28228,108787,137015
Swap Dealer,2018-02-20,-50953,101458,152411
Swap Dealer,2018-02-13,-35729,102685,138414
Swap Dealer,2018-02-06,-41654,109351,151005
Swap Dealer,2018-01-30,-51473,110466,161939
Swap Dealer,2018-01-23,-52595,111102,163697
Swap Dealer,2018-01-16,-52750,109877,162627
Swap Dealer,2018-01-09,-50205,108479,158684
Swap Dealer,2018-01-02,-28411,111140,139551
Swap Dealer,2017-12-26,-11450,109094,120544
Swap Dealer,2017-12-19,1471,107371,105900
Swap Dealer,2017-12-12,14115,105493,91378
Swap Dealer,2017-12-05,-37251,81265,118516
Swap Dealer,2017-11-28,-74193,73812,148005
Swap Dealer,2017-11-21,-49300,76780,126080
Swap Dealer,2017-11-14,-42672,78951,121623
Swap Dealer,2017-11-07,-44107,81913,126020
Swap Dealer,2017-10-31,-36212,85082,121294
Swap Dealer,2017-10-24,-39602,83314,122916
Swap Dealer,2017-10-17,-48366,81350,129716
Swap Dealer,2017-10-10,-57893,79973,137866
Swap Dealer,2017-10-03,-51291,85073,136364
Swap Dealer,2017-09-26,-56526,88401,144927
Swap Dealer,2017-09-19,-77901,82712,160613
Swap Dealer,2017-09-12,-97813,75671,173484
Swap Dealer,2017-09-05,-87967,74976,162943
Swap Dealer,2017-08-29,-75953,74073,150026
Swap Dealer,2017-08-22,-51183,74818,126001
Swap Dealer,2017-08-15,-42124,71922,114046
Swap Dealer,2017-08-08,-16462,74302,90764
Swap Dealer,2017-08-01,-5162,76557,81719
Swap Dealer,2017-07-25,27964,85129,57165
Swap Dealer,2017-07-18,43529,86656,43127
Swap Dealer,2017-07-11,42757,82626,39869
Swap Dealer,2017-07-03,17959,74334,56375
Swap Dealer,2017-06-27,-17178,68320,85498
Swap Dealer,2017-06-20,-23030,66750,89780
Swap Dealer,2017-06-13,-48358,60671,109029
Swap Dealer,2017-06-06,-56013,62103,118116
Swap Dealer,2017-05-30,-35333,56265,91598
Swap Dealer,2017-05-23,-22972,56856,79828
Swap Dealer,2017-05-16,-6622,64361,70983
Swap Dealer,2017-05-09,-17626,61053,78679
Swap Dealer,2017-05-02,-42284,60774,103058
Swap Dealer,2017-04-25,-54545,58937,113482
Swap Dealer,2017-04-18,-62834,55121,117955
Swap Dealer,2017-04-11,-51870,56075,107945
Swap Dealer,2017-04-04,-47682,55977,103659
Swap Dealer,2017-03-28,-40838,56550,97388
Swap Dealer,2017-03-21,-29501,57188,86689
Swap Dealer,2017-03-14,-27800,57616,85416
Swap Dealer,2017-03-07,-52116,57407,109523
Swap Dealer,2017-02-28,-73366,54355,127721
Swap Dealer,2017-02-21,-47530,58691,106221
Swap Dealer,2017-02-14,-39015,60742,99757
Swap Dealer,2017-02-07,-47378,56940,104318
Swap Dealer,2017-01-31,-45612,54925,100537
Swap Dealer,2017-01-24,-40060,56497,96557
Swap Dealer,2017-01-17,-46919,52825,99744
Swap Dealer,2017-01-10,-50509,42023,92532
Swap Dealer,2017-01-03,-39709,46159,85868
Swap Dealer,2016-12-27,-38985,42632,81617
Swap Dealer,2016-12-20,-47716,39588,87304
Swap Dealer,2016-12-13,-64205,30805,95010
Swap Dealer,2016-12-06,-67629,30570,98199
Swap Dealer,2016-11-29,-72487,26769,99256
Swap Dealer,2016-11-22,-91531,23617,115148
Swap Dealer,2016-11-15,-98855,24772,123627
Swap Dealer,2016-11-08,-122475,27989,150464
Swap Dealer,2016-11-01,-123293,33939,157232
Swap Dealer,2016-10-25,-123353,31825,155178
Swap Dealer,2016-10-18,-114335,32998,147333
Swap Dealer,2016-10-11,-124603,32281,156884
Swap Dealer,2016-10-04,-161244,28058,189302
Swap Dealer,2016-09-27,-181781,29065,210846
Swap Dealer,2016-09-20,-167580,31258,198838
Swap Dealer,2016-09-13,-178130,26675,204805
Swap Dealer,2016-09-06,-195851,23709,219560
Swap Dealer,2016-08-30,-179779,30487,210266
Swap Dealer,2016-08-23,-202853,29246,232099
Swap Dealer,2016-08-16,-196583,30519,227102
Swap Dealer,2016-08-09,-199527,29996,229523
Swap Dealer,2016-08-02,-205520,33139,238659
Swap Dealer,2016-07-26,-196790,31963,228753
Swap Dealer,2016-07-19,-208140,33244,241384
Swap Dealer,2016-07-12,-209973,35358,245331
Swap Dealer,2016-07-05,-216794,40562,257356
Swap Dealer,2016-06-28,-198644,38472,237116
Swap Dealer,2016-06-21,-182696,36313,219009
Swap Dealer,2016-06-14,-168466,39890,208356
Swap Dealer,2016-06-07,-140346,40768,181114
Swap Dealer,2016-05-31,-134934,41927,176861
Swap Dealer,2016-05-24,-150792,41372,192164
Swap Dealer,2016-05-17,-165467,47674,213141
Swap Dealer,2016-05-10,-148732,48329,197061
Swap Dealer,2016-05-03,-145924,48080,194004
Swap Dealer,2016-04-26,-112142,48535,160677
Swap Dealer,2016-04-19,-114630,49506,164136
Swap Dealer,2016-04-12,-109428,54870,164298
Swap Dealer,2016-04-05,-95885,51735,147620
Swap Dealer,2016-03-29,-101787,50824,152611
Swap Dealer,2016-03-22,-99083,50967,150050
Swap Dealer,2016-03-15,-87563,52368,139931
Swap Dealer,2016-03-08,-97673,48630,146303
Swap Dealer,2016-03-01,-82557,49410,131967
Swap Dealer,2016-02-23,-83044,47970,131014
Swap Dealer,2016-02-16,-69035,49657,118692
Swap Dealer,2016-02-09,-54782,49177,103959
Swap Dealer,2016-02-02,-29224,46345,75569
Swap Dealer,2016-01-26,-16365,43775,60140
Swap Dealer,2016-01-19,3938,49593,45655
Swap Dealer,2016-01-12,3005,47977,44972
Swap Dealer,2016-01-05,20441,55579,35138
Swap Dealer,2015-12-29,23427,57752,34325
Swap Dealer,2015-12-22,25853,62625,36772
Swap Dealer,2015-12-15,25497,61963,36466
Swap Dealer,2015-12-08,18772,58215,39443
Swap Dealer,2015-12-01,26567,62062,35495
Swap Dealer,2015-11-24,27107,62913,35806
Swap Dealer,2015-11-17,27014,67334,40320
Swap Dealer,2015-11-10,-2228,62492,64720
Swap Dealer,2015-11-03,-32195,57406,89601
Swap Dealer,2015-10-27,-61648,51479,113127
Swap Dealer,2015-10-20,-64906,51362,116268
Swap Dealer,2015-10-13,-41253,56641,97894
Swap Dealer,2015-10-06,-23678,57267,80945
Swap Dealer,2015-09-29,-10472,56416,66888
Swap Dealer,2015-09-22,1079,62724,61645
Swap Dealer,2015-09-15,13043,71016,57973
Swap Dealer,2015-09-08,1412,67319,65907
Swap Dealer,2015-09-01,-4104,69261,73365
Swap Dealer,2015-08-25,3967,75091,71124
Swap Dealer,2015-08-18,17712,83003,65291
Swap Dealer,2015-08-11,22477,83827,61350
Swap Dealer,2015-08-04,28969,86124,57155
Swap Dealer,2015-07-28,28302,84352,56050
Swap Dealer,2015-07-21,24381,85402,61021
Swap Dealer,2015-07-14,3695,80105,76410
Swap Dealer,2015-07-07,2266,80755,78489
Swap Dealer,2015-06-30,-11535,73211,84746
Swap Dealer,2015-06-23,-26572,69093,95665
Swap Dealer,2015-06-16,-21960,72069,94029
Swap Dealer,2015-06-09,-21034,73144,94178
Swap Dealer,2015-06-02,-40592,62967,103559
Swap Dealer,2015-05-26,-41405,60788,102193
Swap Dealer,2015-05-19,-63142,54915,118057
Swap Dealer,2015-05-12,-40124,57331,97455
Swap Dealer,2015-05-05,-40302,58850,99152
Swap Dealer,2015-04-28,-60451,50259,110710
Swap Dealer,2015-04-21,-60365,51026,111391
Swap Dealer,2015-04-14,-51809,53124,104933
Swap Dealer,2015-04-07,-56037,56654,112691
Swap Dealer,2015-03-31,-38985,63232,102217
Swap Dealer,2015-03-24,-30137,64173,94310
Swap Dealer,2015-03-17,-32861,61685,94546
Swap Dealer,2015-03-10,-56410,63982,120392
Swap Dealer,2015-03-03,-74516,60004,134520
Swap Dealer,2015-02-24,-82190,54391,136581
Swap Dealer,2015-02-17,-86937,50532,137469
Swap Dealer,2015-02-10,-112056,47523,159579
Swap Dealer,2015-02-03,-132258,42878,175136
Swap Dealer,2015-01-27,-133204,39746,172950
Swap Dealer,2015-01-20,-113809,37596,151405
Swap Dealer,2015-01-13,-90967,38453,129420
Swap Dealer,2015-01-06,-80454,39979,120433
Swap Dealer,2014-12-30,-75108,40924,116032
Swap Dealer,2014-12-23,-69878,45144,115022
Swap Dealer,2014-12-16,-73010,42601,115611
Swap Dealer,2014-12-09,-79256,42763,122019
Swap Dealer,2014-12-02,-59081,53480,112561
Swap Dealer,2014-11-25,-46266,60878,107144
Swap Dealer,2014-11-18,-37911,63907,101818
Swap Dealer,2014-11-11,-18689,67967,86656
Swap Dealer,2014-11-04,-23031,64600,87631
Swap Dealer,2014-10-28,-56166,49188,105354
Swap Dealer,2014-10-21,-63759,42512,106271
Swap Dealer,2014-10-14,-49782,44462,94244
Swap Dealer,2014-10-07,-35972,50694,86666
Swap Dealer,2014-09-30,-33832,58074,91906
Swap Dealer,2014-09-23,-45530,54054,99584
Swap Dealer,2014-09-16,-56957,50230,107187
Swap Dealer,2014-09-09,-68398,53311,121709
Swap Dealer,2014-09-02,-75818,51234,127052
Swap Dealer,2014-08-26,-94360,47151,141511
Swap Dealer,2014-08-19,-103353,44556,147909
Swap Dealer,2014-08-12,-122543,40214,162757
Swap Dealer,2014-08-05,-97247,44084,141331
Swap Dealer,2014-07-29,-109425,44474,153899
Swap Dealer,2014-07-22,-124122,42046,166168
Swap Dealer,2014-07-15,-121276,40025,161301
Swap Dealer,2014-07-08,-128206,42677,170883
Swap Dealer,2014-07-01,-129422,39326,168748
Swap Dealer,2014-06-24,-118015,39352,157367
Swap Dealer,2014-06-17,-78825,43095,121920
Swap Dealer,2014-06-10,-65690,44196,109886
Swap Dealer,2014-06-03,-66211,43949,110160
Swap Dealer,2014-05-27,-82136,42023,124159
Swap Dealer,2014-05-20,-97773,36397,134170
Swap Dealer,2014-05-13,-99771,41905,141676
Swap Dealer,2014-05-06,-116354,36309,152663
Swap Dealer,2014-04-29,-103387,40306,143693
Swap Dealer,2014-04-22,-102039,40026,142065
Swap Dealer,2014-04-15,-103614,37226,140840
Swap Dealer,2014-04-08,-107589,37748,145337
Swap Dealer,2014-04-01,-116431,36544,152975
Swap Dealer,2014-03-25,-128367,34299,162666
Swap Dealer,2014-03-18,-115699,36749,152448
Swap Dealer,2014-03-11,-108801,36723,145524
Swap Dealer,2014-03-04,-106711,36073,142784
Swap Dealer,2014-02-25,-110259,33235,143494
Swap Dealer,2014-02-18,-96563,35376,131939
Swap Dealer,2014-02-11,-90799,34737,125536
Swap Dealer,2014-02-04,-82818,32520,115338
Swap Dealer,2014-01-28,-78394,34755,113149
Swap Dealer,2014-01-21,-76867,36312,113179
Swap Dealer,2014-01-14,-77835,35737,113572
Swap Dealer,2014-01-07,-72407,35227,107634
Swap Dealer,2013-12-31,-65969,35312,101281
Swap Dealer,2013-12-24,-65300,36626,101926
Swap Dealer,2013-12-17,-66493,38162,104655
Swap Dealer,2013-12-10,-68471,35468,103939
Swap Dealer,2013-12-03,-60241,36432,96673
Swap Dealer,2013-11-26,-60369,39297,99666
Swap Dealer,2013-11-19,-64847,46517,111364
Swap Dealer,2013-11-12,-70558,45232,115790
Swap Dealer,2013-11-05,-92029,36997,129026
Swap Dealer,2013-10-29,-109001,29668,138669
Swap Dealer,2013-10-22,-94019,30571,124590
Swap Dealer,2013-10-15,-80243,35992,116235
Swap Dealer,2013-10-08,-103201,30345,133546
Swap Dealer,2013-10-01,-96238,33913,130151
Swap Dealer,2013-09-24,-91160,35219,126379
Swap Dealer,2013-09-17,-88057,39308,127365
Swap Dealer,2013-09-10,-100921,33211,134132
Swap Dealer,2013-09-03,-109398,30873,140271
Swap Dealer,2013-08-27,-107594,29166,136760
Swap Dealer,2013-08-20,-92756,30768,123524
Swap Dealer,2013-08-13,-81054,35670,116724
Swap Dealer,2013-08-06,-71700,38146,109846
Swap Dealer,2013-07-30,-44436,39621,84057
Swap Dealer,2013-07-23,-47377,37096,84473
Swap Dealer,2013-07-16,-32578,43066,75644
Swap Dealer,2013-07-09,-21454,45273,66727
Swap Dealer,2013-07-02,-24094,41790,65884
Swap Dealer,2013-06-25,-21770,44612,66382
Swap Dealer,2013-06-18,-28731,44389,73120
Swap Dealer,2013-06-11,-34120,43481,77601
Swap Dealer,2013-06-04,-34668,40571,75239
Swap Dealer,2013-05-28,-23111,42194,65305
Swap Dealer,2013-05-21,-35585,42428,78013
Swap Dealer,2013-05-14,-42676,42093,84769
Swap Dealer,2013-05-07,-39088,47696,86784
Swap Dealer,2013-04-30,-40454,43260,83714
Swap Dealer,2013-04-23,-36326,45644,81970
Swap Dealer,2013-04-16,-49926,41350,91276
Swap Dealer,2013-04-09,-58891,41855,100746
Swap Dealer,2013-04-02,-50633,42278,92911
Swap Dealer,2013-03-26,-57082,37699,94781
Swap Dealer,2013-03-19,-55842,39298,95140
Swap Dealer,2013-03-12,-36074,54087,90161
Swap Dealer,2013-03-05,-24055,56497,80552
Swap Dealer,2013-02-26,-26673,54507,81180
Swap Dealer,2013-02-19,-23804,61294,85098
Swap Dealer,2013-02-12,-37014,57710,94724
Swap Dealer,2013-02-05,-45659,52861,98520
Swap Dealer,2013-01-29,-40335,55392,95727
Swap Dealer,2013-01-22,-64623,46129,110752
Swap Dealer,2013-01-15,-57936,50043,107979
Swap Dealer,2013-01-08,-46361,54923,101284
Swap Dealer,2012-12-31,-59445,39446,98891
Swap Dealer,2012-12-24,-53023,39862,92885
Swap Dealer,2012-12-18,-56426,41112,97538
Swap Dealer,2012-12-11,-65018,37817,102835
Swap Dealer,2012-12-04,-50672,41086,91758
Swap Dealer,2012-11-27,-78701,39730,118431
Swap Dealer,2012-11-20,-71633,40069,111702
Swap Dealer,2012-11-13,-68292,38790,107082
Swap Dealer,2012-11-06,-64852,42095,106947
Swap Dealer,2012-10-30,-62747,41128,103875
Swap Dealer,2012-10-23,-68565,39172,107737
Swap Dealer,2012-10-16,-80843,35619,116462
Swap Dealer,2012-10-09,-83925,32479,116404
Swap Dealer,2012-10-02,-86446,32562,119008
Swap Dealer,2012-09-25,-80534,31163,111697
Swap Dealer,2012-09-18,-87395,30498,117893
Swap Dealer,2012-09-11,-67474,30696,98170
Swap Dealer,2012-09-04,-57313,31839,89152
Swap Dealer,2012-08-28,-56177,31591,87768
Swap Dealer,2012-08-21,-38409,34007,72416
Swap Dealer,2012-08-14,-19288,43990,63278
Swap Dealer,2012-08-07,-18438,43253,61691
Swap Dealer,2012-07-31,-15156,45810,60966
Swap Dealer,2012-07-24,4433,54249,49816
Swap Dealer,2012-07-17,2258,54204,51946
Swap Dealer,2012-07-10,2106,52306,50200
Swap Dealer,2012-07-03,-15506,44079,59585
Swap Dealer,2012-06-26,-1563,52454,54017
Swap Dealer,2012-06-19,-19302,48367,67669
Swap Dealer,2012-06-12,-27137,44321,71458
Swap Dealer,2012-06-05,-21962,49248,71210
Swap Dealer,2012-05-29,-2749,50569,53318
Swap Dealer,2012-05-22,-2222,48854,51076
Swap Dealer,2012-05-15,-6161,46222,52383
Swap Dealer,2012-05-08,-20375,43363,63738
Swap Dealer,2012-05-01,-38440,40054,78494
Swap Dealer,2012-04-24,-38179,40550,78729
Swap Dealer,2012-04-17,-39209,40301,79510
Swap Dealer,2012-04-10,-41038,41732,82770
Swap Dealer,2012-04-03,-40008,42259,82267
Swap Dealer,2012-03-27,-40807,39708,80515
Swap Dealer,2012-03-20,-27010,44613,71623
Swap Dealer,2012-03-13,-41232,36241,77473
Swap Dealer,2012-03-06,-43069,33899,76968
Swap Dealer,2012-02-28,-72166,23545,95711
Swap Dealer,2012-02-21,-57590,24253,81843
Swap Dealer,2012-02-14,-47183,24568,71751
Swap Dealer,2012-02-07,-51545,23980,75525
Swap Dealer,2012-01-31,-47474,24175,71649
Swap Dealer,2012-01-24,-23392,38033,61425
Swap Dealer,2012-01-17,-20566,42442,63008
Swap Dealer,2012-01-10,-26038,44445,70483
Swap Dealer,2012-01-03,-17934,49652,67586
Swap Dealer,2011-12-27,-17180,50400,67580
Swap Dealer,2011-12-20,-16411,48683,65094
Swap Dealer,2011-12-13,-27874,39885,67759
Swap Dealer,2011-12-06,-46283,28681,74964
Swap Dealer,2011-11-29,-45270,28949,74219
Swap Dealer,2011-11-22,-46408,28838,75246
Swap Dealer,2011-11-15,-54545,30982,85527
Swap Dealer,2011-11-08,-48302,38142,86444
Swap Dealer,2011-11-01,-34285,43030,77315
Swap Dealer,2011-10-25,-26974,47748,74722
Swap Dealer,2011-10-18,-20167,54309,74476
Swap Dealer,2011-10-11,-27982,53478,81460
Swap Dealer,2011-10-04,-23841,58105,81946
Swap Dealer,2011-09-27,-31418,55270,86688
Swap Dealer,2011-09-20,-60527,45571,106098
Swap Dealer,2011-09-13,-72222,42620,114842
Swap Dealer,2011-09-06,-71915,41256,113171
Swap Dealer,2011-08-30,-72504,38922,111426
Swap Dealer,2011-08-23,-83417,47744,131161
Swap Dealer,2011-08-16,-100380,44820,145200
Swap Dealer,2011-08-09,-100874,51322,152196
Swap Dealer,2011-08-02,-124130,51230,175360
Swap Dealer,2011-07-26,-111073,55086,166159
Swap Dealer,2011-07-19,-117649,59576,177225
Swap Dealer,2011-07-12,-100483,63317,163800
Swap Dealer,2011-07-05,-78340,70471,148811
Swap Dealer,2011-06-28,-78561,72645,151206
Swap Dealer,2011-06-21,-99197,68045,167242
Swap Dealer,2011-06-14,-90623,70470,161093
Swap Dealer,2011-06-07,-95969,70616,166585
Swap Dealer,2011-05-31,-92450,66042,158492
Swap Dealer,2011-05-24,-84356,72233,156589
Swap Dealer,2011-05-17,-75139,75722,150861
Swap Dealer,2011-05-10,-85213,75175,160388
Swap Dealer,2011-05-03,-104757,66490,171247
Swap Dealer,2011-04-26,-112442,66913,179355
Swap Dealer,2011-04-19,-117443,62546,179989
Swap Dealer,2011-04-12,-111880,61567,173447
Swap Dealer,2011-04-05,-118925,60627,179552
Swap Dealer,2011-03-29,-102696,58194,160890
Swap Dealer,2011-03-22,-106745,63614,170359
Swap Dealer,2011-03-15,-105853,63308,169161
Swap Dealer,2011-03-08,-123720,60097,183817
Swap Dealer,2011-03-01,-129526,61598,191124
Swap Dealer,2011-02-22,-119066,62529,181595
Swap Dealer,2011-02-15,-110519,62141,172660
Swap Dealer,2011-02-08,-102994,65668,168662
Swap Dealer,2011-02-01,-87076,70081,157157
Swap Dealer,2011-01-25,-86011,83639,169650
Swap Dealer,2011-01-18,-91907,84739,176646
Swap Dealer,2011-01-11,-94057,86314,180371
Swap Dealer,2011-01-04,-111323,83902,195225
Swap Dealer,2010-12-28,-117486,86067,203553
Swap Dealer,2010-12-21,-113263,88085,201348
Swap Dealer,2010-12-14,-116612,84398,201010
Swap Dealer,2010-12-07,-113945,83914,197859
Swap Dealer,2010-11-30,-115169,84307,199476
Swap Dealer,2010-11-23,-104291,87861,192152
Swap Dealer,2010-11-16,-109414,85244,194658
Swap Dealer,2010-11-09,-104577,86060,190637
Swap Dealer,2010-11-02,-105965,87403,193368
Swap Dealer,2010-10-26,-112025,85250,197275
Swap Dealer,2010-10-19,-118958,84924,203882
Swap Dealer,2010-10-12,-125789,83484,209273
Swap Dealer,2010-10-05,-125903,86807,212710
Swap Dealer,2010-09-28,-129074,86614,215688
Swap Dealer,2010-09-21,-129397,82556,211953
Swap Dealer,2010-09-14,-128002,78939,206941
Swap Dealer,2010-09-07,-120063,81749,201812
Swap Dealer,2010-08-31,-118434,82459,200893
Swap Dealer,2010-08-24,-107285,83884,191169
Swap Dealer,2010-08-17,-100750,82813,183563
Swap Dealer,2010-08-10,-89426,82259,171685
Swap Dealer,2010-08-03,-82258,82843,165101
Swap Dealer,2010-07-27,-74966,85850,160816
Swap Dealer,2010-07-20,-78724,85800,164524
Swap Dealer,2010-07-13,-89475,84332,173807
Swap Dealer,2010-07-06,-87203,86640,173843
Swap Dealer,2010-06-29,-102890,87876,190766
Swap Dealer,2010-06-22,-96426,88232,184658
Swap Dealer,2010-06-15,-88851,86158,175009
Swap Dealer,2010-06-08,-86726,85365,172091
Swap Dealer,2010-06-01,-83914,83945,167859
Swap Dealer,2010-05-25,-82144,79663,161807
Swap Dealer,2010-05-18,-87406,84458,171864
Swap Dealer,2010-05-11,-90187,80670,170857
Swap Dealer,2010-05-04,-103512,68339,171851
Swap Dealer,2010-04-27,-104468,67477,171945
Swap Dealer,2010-04-20,-97458,66086,163544
Swap Dealer,2010-04-13,-107389,62444,169833
Swap Dealer,2010-04-06,-104000,57305,161305
Swap Dealer,2010-03-30,-87748,56691,144439
Swap Dealer,2010-03-23,-102018,43894,145912
Swap Dealer,2010-03-16,-108528,42731,151259
Swap Dealer,2010-03-09,-104352,42802,147154
Swap Dealer,2010-03-02,-101773,40194,141967
Swap Dealer,2010-02-23,-92119,39339,131458
Swap Dealer,2010-02-16,-88020,43117,131137
Swap Dealer,2010-02-09,-75183,48420,123603
Swap Dealer,2010-02-02,-91437,41942,133379
Swap Dealer,2010-01-26,-85218,43862,129080
Swap Dealer,2010-01-19,-97717,41029,138746
Swap Dealer,2010-01-12,-100528,37971,138499
Swap Dealer,2010-01-05,-102490,39309,141799
Swap Dealer,2009-12-29,-102172,38684,140856
Swap Dealer,2009-12-22,-102713,39355,142068
Swap Dealer,2009-12-15,-115904,33827,149731
Swap Dealer,2009-12-08,-112787,35335,148122
Swap Dealer,2009-12-01,-123671,39888,163559
Swap Dealer,2009-11-24,-108978,41308,150286
Swap Dealer,2009-11-17,-113042,38508,151550
Swap Dealer,2009-11-09,-116950,37341,154291
Swap Dealer,2009-11-03,-115688,32796,148484
Swap Dealer,2009-10-27,-113060,31917,144977
Swap Dealer,2009-10-20,-119577,30549,150126
Swap Dealer,2009-10-13,-115971,31472,147443
Swap Dealer,2009-10-06,-111345,29223,140568
Swap Dealer,2009-09-29,-102981,29322,132303
Swap Dealer,2009-09-22,-114167,29950,144117
Swap Dealer,2009-09-15,-109481,30179,139660
Swap Dealer,2009-09-08,-96528,32242,128770
Swap Dealer,2009-09-01,-87468,31942,119410
Swap Dealer,2009-08-25,-66996,32145,99141
Swap Dealer,2009-08-18,-63473,31219,94692
Swap Dealer,2009-08-11,-69708,30934,100642
Swap Dealer,2009-08-04,-76832,29561,106393
Swap Dealer,2009-07-28,-52653,32885,85538
Swap Dealer,2009-07-21,-59579,32290,91869
Swap Dealer,2009-07-14,-38212,35152,73364
Swap Dealer,2009-07-07,-40209,34196,74405
Swap Dealer,2009-06-30,-43481,31769,75250
Swap Dealer,2009-06-23,-43927,30091,74018
Swap Dealer,2009-06-16,-50946,27722,78668
Swap Dealer,2009-06-09,-60357,26042,86399
Swap Dealer,2009-06-02,-62794,25008,87802
Swap Dealer,2009-05-26,-54992,28093,83085
Swap Dealer,2009-05-19,-56311,23424,79735
Swap Dealer,2009-05-12,-50476,23398,73874
Swap Dealer,2009-05-05,-45027,26120,71147
Swap Dealer,2009-04-28,-42465,26131,68596
Swap Dealer,2009-04-21,-37687,28071,65758
Swap Dealer,2009-04-14,-42737,26804,69541
Swap Dealer,2009-04-07,-38858,29564,68422
Swap Dealer,2009-03-31,-45101,25564,70665
Swap Dealer,2009-03-24,-38886,30771,69657
Swap Dealer,2009-03-17,-33466,35983,69449
Swap Dealer,2009-03-10,-23875,38430,62305
Swap Dealer,2009-03-03,-33689,37237,70926
Swap Dealer,2009-02-24,-39048,34594,73642
Swap Dealer,2009-02-17,-46879,29086,75965
Swap Dealer,2009-02-10,-41709,32717,74426
Swap Dealer,2009-02-03,-39257,34444,73701
Swap Dealer,2009-01-27,-31803,36138,67941
Swap Dealer,2009-01-20,-30080,35468,65548
Swap Dealer,2009-01-13,-30423,31994,62417
Swap Dealer,2009-01-06,-37914,32264,70178
Swap Dealer,2008-12-30,-40708,27775,68483
Swap Dealer,2008-12-22,-37966,27254,65220
Swap Dealer,2008-12-16,-29175,27787,56962
Swap Dealer,2008-12-09,-12880,33605,46485
Swap Dealer,2008-12-02,-10751,34793,45544
Swap Dealer,2008-11-25,-14750,31418,46168
Swap Dealer,2008-11-18,-1376,41357,42733
Swap Dealer,2008-11-11,-974,46550,47524
Swap Dealer,2008-11-04,-16449,43622,60071
Swap Dealer,2008-10-28,-19805,43959,63764
Swap Dealer,2008-10-21,-29053,42556,71609
Swap Dealer,2008-10-14,-42742,35205,77947
Swap Dealer,2008-10-07,-55596,31036,86632
Swap Dealer,2008-09-30,-60637,28909,89546
Swap Dealer,2008-09-23,-65677,23911,89588
Swap Dealer,2008-09-16,-60615,32609,93224
Swap Dealer,2008-09-09,-43735,49100,92835
Swap Dealer,2008-09-02,-53774,42586,96360
Swap Dealer,2008-08-26,-60911,39228,100139
Swap Dealer,2008-08-19,-56727,41820,98547
Swap Dealer,2008-08-12,-66051,35974,102025
Swap Dealer,2008-08-05,-73397,32223,105620
Swap Dealer,2008-07-29,-84748,27231,111979
Swap Dealer,2008-07-22,-88897,31091,119988
Swap Dealer,2008-07-15,-97740,31916,129656
Swap Dealer,2008-07-08,-92567,32333,124900
Swap Dealer,2008-07-01,-94601,33563,128164
Swap Dealer,2008-06-24,-69391,40310,109701
Swap Dealer,2008-06-17,-62667,38689,101356
Swap Dealer,2008-06-10,-54828,43541,98369
Swap Dealer,2008-06-03,-59856,37908,97764
Swap Dealer,2008-05-27,-68387,34913,103300
Swap Dealer,2008-05-20,-61441,37257,98698
Swap Dealer,2008-05-13,-42652,46159,88811
Swap Dealer,2008-05-06,-48264,44593,92857
Swap Dealer,2008-04-29,-48979,44257,93236
Swap Dealer,2008-04-22,-58081,41385,99466
Swap Dealer,2008-04-15,-62796,40657,103453
Swap Dealer,2008-04-08,-62281,38220,100501
Swap Dealer,2008-04-01,-62442,38730,101172
Swap Dealer,2008-03-25,-69580,37011,106591
Swap Dealer,2008-03-18,-66538,45261,111799
Swap Dealer,2008-03-11,-82505,38864,121369
Swap Dealer,2008-03-04,-84838,39735,124573
Swap Dealer,2008-02-26,-91150,37253,128403
Swap Dealer,2008-02-19,-91289,35124,126413
Swap Dealer,2008-02-12,-92188,34142,126330
Swap Dealer,2008-02-05,-91318,33315,124633
Swap Dealer,2008-01-29,-79830,32484,112314
Swap Dealer,2008-01-22,-76123,34662,110785
Swap Dealer,2008-01-15,-72415,34015,106430
Swap Dealer,2008-01-08,-73959,31687,105646
Swap Dealer,2007-12-31,-61544,30166,91710
Swap Dealer,2007-12-24,-52158,31745,83903
Swap Dealer,2007-12-18,-49110,28477,77587
Swap Dealer,2007-12-11,-50325,30515,80840
Swap Dealer,2007-12-04,-39683,30319,70002
Swap Dealer,2007-11-27,-32261,32881,65142
Swap Dealer,2007-11-20,-41622,26004,67626
Swap Dealer,2007-11-13,-52540,29219,81759
Swap Dealer,2007-11-06,-62153,30846,92999
Swap Dealer,2007-10-30,-67460,32065,99525
Swap Dealer,2007-10-23,-71859,27943,99802
Swap Dealer,2007-10-16,-79908,24640,104548
Swap Dealer,2007-10-09,-71786,25522,97308
Swap Dealer,2007-10-02,-70531,28406,98937
Swap Dealer,2007-09-25,-76196,28160,104356
Swap Dealer,2007-09-18,-64464,31102,95566
Swap Dealer,2007-09-11,-57878,29456,87334
Swap Dealer,2007-09-04,-48374,27118,75492
Swap Dealer,2007-08-28,-33919,34051,67970
Swap Dealer,2007-08-21,-33647,36508,70155
Swap Dealer,2007-08-14,-49884,32804,82688
Swap Dealer,2007-08-07,-48790,34549,83339
Swap Dealer,2007-07-31,-40610,35442,76052
Swap Dealer,2007-07-24,-71378,29235,100613
Swap Dealer,2007-07-17,-38951,40923,79874
Swap Dealer,2007-07-10,-35064,45292,80356
Swap Dealer,2007-07-03,-25814,48544,74358
Swap Dealer,2007-06-26,-24787,52049,76836
Swap Dealer,2007-06-19,-47522,47510,95032
Swap Dealer,2007-06-12,-34339,51723,86062
Swap Dealer,2007-06-05,-51015,44382,95397
Swap Dealer,2007-05-29,-41605,46864,88469
Swap Dealer,2007-05-22,-45616,44438,90054
Swap Dealer,2007-05-15,-57039,37964,95003
Swap Dealer,2007-05-08,-58339,34764,93103
Swap Dealer,2007-05-01,-52587,37018,89605
Swap Dealer,2007-04-24,-60745,33311,94056
Swap Dealer,2007-04-17,-67918,30180,98098
Swap Dealer,2007-04-10,-56446,30740,87186
Swap Dealer,2007-04-03,-51177,31909,83086
Swap Dealer,2007-03-27,-49740,32372,82112
Swap Dealer,2007-03-20,-42723,35305,78028
Swap Dealer,2007-03-13,-43319,33638,76957
Swap Dealer,2007-03-06,-45949,33223,79172
Swap Dealer,2007-02-27,-65866,26700,92566
Swap Dealer,2007-02-20,-59785,27507,87292
Swap Dealer,2007-02-13,-61512,25859,87371
Swap Dealer,2007-02-06,-51654,26714,78368
Swap Dealer,2007-01-30,-51419,26517,77936
Swap Dealer,2007-01-23,-47077,26441,73518
Swap Dealer,2007-01-16,-30793,30226,61019
Swap Dealer,2007-01-09,-19271,37098,56369
Swap Dealer,2007-01-03,-33703,31482,65185
Swap Dealer,2006-12-26,-29950,33014,62964
Swap Dealer,2006-12-19,-29007,32664,61671
Swap Dealer,2006-12-12,-37419,27470,64889
Swap Dealer,2006-12-05,-43792,22467,66259
Swap Dealer,2006-11-28,-44024,22103,66127
Swap Dealer,2006-11-21,-40291,24292,64583
Swap Dealer,2006-11-14,-43385,23369,66754
Swap Dealer,2006-11-07,-40072,24643,64715
Swap Dealer,2006-10-31,-30328,28865,59193
Swap Dealer,2006-10-24,-24285,29711,53996
Swap Dealer,2006-10-17,-23185,33807,56992
Swap Dealer,2006-10-10,-17748,38669,56417
Swap Dealer,2006-10-03,-24296,35907,60203
Swap Dealer,2006-09-26,-25995,33963,59958
Swap Dealer,2006-09-19,-22962,36876,59838
Swap Dealer,2006-09-12,-26524,33464,59988
Swap Dealer,2006-09-05,-43535,23579,67114
Swap Dealer,2006-08-29,-31973,27971,59944
Swap Dealer,2006-08-22,-40480,22442,62922
Swap Dealer,2006-08-15,-45714,20326,66040
Swap Dealer,2006-08-08,-51358,20703,72061
Swap Dealer,2006-08-01,-51994,21250,73244
Swap Dealer,2006-07-25,-62648,22956,85604
Swap Dealer,2006-07-18,-61502,21681,83183
Swap Dealer,2006-07-11,-57377,21840,79217
Swap Dealer,2006-07-03,-46994,22720,69714
Swap Dealer,2006-06-27,-40215,22425,62640
Swap Dealer,2006-06-20,-42278,22404,64682
Swap Dealer,2006-06-13,-47241,19370,66611
Managed Money,2024-10-08,226283,244756,18473
Managed Money,2024-10-01,248960,267477,18517
Managed Money,2024-09-24,254841,282912,28071
Managed Money,2024-09-17,252628,273295,20667
Managed Money,2024-09-10,226709,246214,19505
Managed Money,2024-09-03,226590,242861,16271
Managed Money,2024-08-27,236818,251097,14279
Managed Money,2024-08-20,236749,251519,14770
Managed Money,2024-08-13,219672,232909,13237
Managed Money,2024-08-06,185474,203726,18252
Managed Money,2024-07-30,188909,211608,22699
Managed Money,2024-07-23,198444,222626,24182
Managed Money,2024-07-16,220359,241474,21115
Managed Money,2024-07-09,191603,209035,17432
Managed Money,2024-06-25,184710,197885,13175
Managed Money,2024-06-18,189533,200892,11359
Managed Money,2024-06-11,177549,189290,11741
Managed Money,2024-06-04,180761,197278,16517
Managed Money,2024-05-28,179221,201329,22108
Managed Money,2024-05-21,193972,218347,24375
Managed Money,2024-05-14,172942,199507,26565
Managed Money,2024-05-07,163132,189194,26062
Managed Money,2024-04-30,167139,192173,25034
Managed Money,2024-04-23,176157,200127,23970
Managed Money,2024-04-16,172861,198276,25415
Managed Money,2024-04-09,179142,208634,29492
Managed Money,2024-04-02,178213,204477,26264
Managed Money,2024-03-26,157720,183265,25545
Managed Money,2024-03-19,157467,186681,29214
Managed Money,2024-03-12,159560,190374,30814
Managed Money,2024-03-05,131060,164640,33580
Managed Money,2024-02-27,68042,115043,47001
Managed Money,2024-02-20,64348,110087,45739
Managed Money,2024-02-13,46400,109364,62964
Managed Money,2024-02-06,82591,127187,44596
Managed Money,2024-01-30,71976,122948,50972
Managed Money,2024-01-23,76615,124608,47993
Managed Money,2024-01-16,100634,146608,45974
Managed Money,2024-01-09,106288,150474,44186
Managed Money,2024-01-02,137516,179464,41948
Managed Money,2023-12-26,135507,178676,43169
Managed Money,2023-12-19,131749,177020,45271
Managed Money,2023-12-12,111384,161389,50005
Managed Money,2023-12-05,132515,181959,49444
Managed Money,2023-11-28,144410,197628,53218
Managed Money,2023-11-21,114894,173351,58457
Managed Money,2023-11-14,92660,154466,61806
Managed Money,2023-11-07,105236,160609,55373
Managed Money,2023-10-31,106343,164939,58596
Managed Money,2023-10-24,90682,151431,60749
Managed Money,2023-10-17,41867,124065,82198
Managed Money,2023-10-10,-14788,102359,117147
Managed Money,2023-10-03,-3004,103165,106169
Managed Money,2023-09-26,35644,124420,88776
Managed Money,2023-09-19,66639,136376,69737
Managed Money,2023-09-12,49796,130952,81156
Managed Money,2023-09-05,66340,134439,68099
Managed Money,2023-08-29,58134,138044,79910
Managed Money,2023-08-22,25695,115766,90071
Managed Money,2023-08-15,46540,124926,78386
Managed Money,2023-08-08,75582,127251,51669
Managed Money,2023-08-01,99337,139967,40630
Managed Money,2023-07-25,116291,150118,33827
Managed Money,2023-07-18,135907,166750,30843
Managed Money,2023-07-11,100619,140681,40062
Managed Money,2023-07-03,99205,137499,38294
Managed Money,2023-06-27,86472,122450,35978
Managed Money,2023-06-20,94626,128005,33379
Managed Money,2023-06-13,93304,126927,33623
Managed Money,2023-06-06,114165,141286,27121
Managed Money,2023-05-30,107853,142504,34651
Managed Money,2023-05-23,117390,148165,30775
Managed Money,2023-05-16,131789,162666,30877
Managed Money,2023-05-09,146626,172938,26312
Managed Money,2023-05-02,147816,172032,24216
Managed Money,2023-04-25,133174,159461,26287
Managed Money,2023-04-18,134253,164063,29810
Managed Money,2023-04-11,137563,161859,24296
Managed Money,2023-04-04,144986,171969,26983
Managed Money,2023-03-28,130314,159971,29657
Managed Money,2023-03-21,106955,146318,39363
Managed Money,2023-03-14,85362,140846,55484
Managed Money,2023-03-07,24106,114511,90405
Managed Money,2023-02-28,39908,113296,73388
Managed Money,2023-02-21,52457,119178,66721
Managed Money,2023-02-14,57353,122037,64684
Managed Money,2023-02-07,78839,133354,54515
Managed Money,2023-01-31,111540,161672,50132
Managed Money,2023-01-24,106631,157363,50732
Managed Money,2023-01-17,93357,145586,52229
Managed Money,2023-01-10,82574,136643,54069
Managed Money,2023-01-03,72805,127360,54555
Managed Money,2022-12-27,67332,123337,56005
Managed Money,2022-12-20,58452,124021,65569
Managed Money,2022-12-13,56554,122652,66098
Managed Money,2022-12-06,37618,108196,70578
Managed Money,2022-11-29,28009,102096,74087
Managed Money,2022-11-22,31919,104948,73029
Managed Money,2022-11-15,40726,111455,70729
Managed Money,2022-11-08,-8219,97196,105415
Managed Money,2022-11-01,-38878,82503,121381
Managed Money,2022-10-25,-33134,78647,111781
Managed Money,2022-10-18,-20633,80501,101134
Managed Money,2022-10-11,1290,86676,85386
Managed Money,2022-10-04,4941,95180,90239
Managed Money,2022-09-27,-41300,78540,119840
Managed Money,2022-09-20,-32966,84887,117853
Managed Money,2022-09-13,-10132,90604,100736
Managed Money,2022-09-06,1217,96271,95054
Managed Money,2022-08-30,20726,102925,82199
Managed Money,2022-08-23,30326,106957,76631
Managed Money,2022-08-16,46236,108673,62437
Managed Money,2022-08-09,52797,112364,59567
Managed Money,2022-08-02,27899,109004,81105
Managed Money,2022-07-26,-10474,102073,112547
Managed Money,2022-07-19,-9721,98266,107987
Managed Money,2022-07-12,2748,99643,96895
Managed Money,2022-07-05,26806,113448,86642
Managed Money,2022-06-28,46637,121681,75044
Managed Money,2022-06-21,61816,125213,63397
Managed Money,2022-06-14,49561,121509,71948
Managed Money,2022-06-07,69768,128491,58723
Managed Money,2022-05-31,62668,125749,63081
Managed Money,2022-05-24,77493,136718,59225
Managed Money,2022-05-17,54569,125823,71254
Managed Money,2022-05-10,73891,135560,61669
Managed Money,2022-05-03,82936,144193,61257
Managed Money,2022-04-26,99443,156528,57085
Managed Money,2022-04-19,124967,180607,55640
Managed Money,2022-04-12,144664,193192,48528
Managed Money,2022-04-05,122671,170238,47567
Managed Money,2022-03-29,130126,168816,38690
Managed Money,2022-03-22,133992,171321,37329
Managed Money,2022-03-15,147501,186305,38804
Managed Money,2022-03-08,175694,213714,38020
Managed Money,2022-03-01,168103,207420,39317
Managed Money,2022-02-22,160982,203121,42139
Managed Money,2022-02-15,125646,169548,43902
Managed Money,2022-02-08,84889,135187,50298
Managed Money,2022-02-01,62548,122443,59895
Managed Money,2022-01-25,117708,158663,40955
Managed Money,2022-01-18,84539,134572,50033
Managed Money,2022-01-11,87859,134492,46633
Managed Money,2022-01-04,94942,140082,45140
Managed Money,2021-12-28,98835,146045,47210
Managed Money,2021-12-21,84591,137823,53232
Managed Money,2021-12-14,75490,134609,59119
Managed Money,2021-12-07,93422,138890,45468
Managed Money,2021-11-30,104992,151177,46185
Managed Money,2021-11-23,118729,166186,47457
Managed Money,2021-11-16,164043,208350,44307
Managed Money,2021-11-09,146319,190015,43696
Managed Money,2021-11-02,98888,151761,52873
Managed Money,2021-10-26,101251,157179,55928
Managed Money,2021-10-19,69281,136452,67171
Managed Money,2021-10-12,69817,143474,73657
Managed Money,2021-10-05,67841,140590,72749
Managed Money,2021-09-28,42123,130182,88059
Managed Money,2021-09-21,61594,133328,71734
Managed Money,2021-09-14,87395,146962,59567
Managed Money,2021-09-07,83540,144717,61177
Managed Money,2021-08-31,98865,154196,55331
Managed Money,2021-08-24,94592,145672,51080
Managed Money,2021-08-17,77649,134286,56637
Managed Money,2021-08-10,51013,123203,72190
Managed Money,2021-08-03,89873,132920,43047
Managed Money,2021-07-27,105811,147238,41427
Managed Money,2021-07-20,108815,152783,43968
Managed Money,2021-07-13,102989,152954,49965
Managed Money,2021-07-06,93004,146582,53578
Managed Money,2021-06-29,72516,126807,54291
Managed Money,2021-06-22,76163,123605,47442
Managed Money,2021-06-08,127064,163629,36565
Managed Money,2021-06-01,129846,166478,36632
Managed Money,2021-05-25,126903,162961,36058
Managed Money,2021-05-18,106896,156180,49284
Managed Money,2021-05-11,95585,145630,50045
Managed Money,2021-05-04,66133,130153,64020
Managed Money,2021-04-27,63154,130103,66949
Managed Money,2021-04-20,69300,130031,60731
Managed Money,2021-04-13,64766,123366,58600
Managed Money,2021-04-06,77406,132975,55569
Managed Money,2021-03-30,50463,120028,69565
Managed Money,2021-03-23,56010,118849,62839
Managed Money,2021-03-16,54741,112484,57743
Managed Money,2021-03-09,41896,106612,64716
Managed Money,2021-03-02,57856,117309,59453
Managed Money,2021-02-23,83395,140353,56958
Managed Money,2021-02-16,83581,140896,57315
Managed Money,2021-02-09,105851,153346,47495
Managed Money,2021-02-02,105841,155639,49798
Managed Money,2021-01-26,115716,162560,46844
Managed Money,2021-01-19,104996,153840,48844
Managed Money,2021-01-12,105270,158862,53592
Managed Money,2021-01-05,152129,202837,50708
Managed Money,2020-12-29,136861,187906,51045
Managed Money,2020-12-21,137197,187038,49841
Managed Money,2020-12-15,127828,177883,50055
Managed Money,2020-12-08,126737,175518,48781
Managed Money,2020-12-01,107653,157094,49441
Managed Money,2020-11-24,104679,156962,52283
Managed Money,2020-11-17,122461,170334,47873
Managed Money,2020-11-10,110957,161790,50833
Managed Money,2020-11-03,121951,172454,50503
Managed Money,2020-10-27,131609,179925,48316
Managed Money,2020-10-20,135311,185578,50267
Managed Money,2020-10-13,119823,173108,53285
Managed Money,2020-10-06,131009,175165,44156
Managed Money,2020-09-29,128953,174793,45840
Managed Money,2020-09-22,131089,178619,47530
Managed Money,2020-09-15,165251,206780,41529
Managed Money,2020-09-08,154629,193812,39183
Managed Money,2020-09-01,151021,189256,38235
Managed Money,2020-08-25,138339,178087,39748
Managed Money,2020-08-18,155274,194412,39138
Managed Money,2020-08-11,150129,194563,44434
Managed Money,2020-08-04,173473,215216,41743
Managed Money,2020-07-28,174510,211455,36945
Managed Money,2020-07-21,184127,223340,39213
Managed Money,2020-07-14,177327,218870,41543
Managed Money,2020-07-07,181528,221148,39620
Managed Money,2020-06-30,180001,213528,33527
Managed Money,2020-06-23,175664,205519,29855
Managed Money,2020-06-16,143070,173656,30586
Managed Money,2020-06-09,127305,162442,35137
Managed Money,2020-06-02,136568,169015,32447
Managed Money,2020-05-26,148915,180977,32062
Managed Money,2020-05-19,173277,197798,24521
Managed Money,2020-05-12,160973,181585,20612
Managed Money,2020-05-05,171816,180111,8295
Managed Money,2020-04-28,184067,190484,6417
Managed Money,2020-04-21,179588,187257,7669
Managed Money,2020-04-14,198565,204540,5975
Managed Money,2020-04-07,188925,191989,3064
Managed Money,2020-03-31,178056,181229,3173
Managed Money,2020-03-24,199688,201878,2190
Managed Money,2020-03-17,177470,187543,10073
Managed Money,2020-03-10,258458,270955,12497
Managed Money,2020-03-03,268676,293813,25137
Managed Money,2020-02-25,284972,313751,28779
Managed Money,2020-02-18,284206,320394,36188
Managed Money,2020-02-11,229369,262135,32766
Managed Money,2020-02-04,211493,251743,40250
Managed Money,2020-01-28,257634,289525,31891
Managed Money,2020-01-21,259190,288676,29486
Managed Money,2020-01-14,262335,290193,27858
Managed Money,2020-01-07,272302,299814,27512
Managed Money,2019-12-31,263170,286427,23257
Managed Money,2019-12-24,242919,266196,23277
Managed Money,2019-12-17,219268,243469,24201
Managed Money,2019-12-10,197454,224914,27460
Managed Money,2019-12-03,226855,249390,22535
Managed Money,2019-11-26,205634,228971,23337
Managed Money,2019-11-19,225688,248776,23088
Managed Money,2019-11-12,200312,229468,29156
Managed Money,2019-11-05,230484,261595,31111
Managed Money,2019-10-29,233101,260056,26955
Managed Money,2019-10-22,225930,248576,22646
Managed Money,2019-10-15,219753,245189,25436
Managed Money,2019-10-08,249632,268591,18959
Managed Money,2019-10-01,235174,254412,19238
Managed Money,2019-09-24,292066,308857,16791
Managed Money,2019-09-17,261878,278969,17091
Managed Money,2019-09-10,247728,271006,23278
Managed Money,2019-09-03,290709,312286,21577
Managed Money,2019-08-27,287851,310219,22368
Managed Money,2019-08-20,285090,302312,17222
Managed Money,2019-08-13,277968,298756,20788
Managed Money,2019-08-06,285082,305302,20220
Managed Money,2019-07-30,231365,257903,26538
Managed Money,2019-07-23,217517,245590,28073
Managed Money,2019-07-16,219888,248138,28250
Managed Money,2019-07-09,217142,241396,24254
Managed Money,2019-07-02,241163,258490,17327
Managed Money,2019-06-25,229664,255572,25908
Managed Money,2019-06-18,189681,216650,26969
Managed Money,2019-06-11,156718,186856,30138
Managed Money,2019-06-04,117915,174233,56318
Managed Money,2019-05-28,33134,125944,92810
Managed Money,2019-05-21,24378,120279,95901
Managed Money,2019-05-14,65922,149824,83902
Managed Money,2019-05-07,19721,112265,92544
Managed Money,2019-04-30,10440,103660,93220
Managed Money,2019-04-23,-22328,91734,114062
Managed Money,2019-04-16,-3969,101949,105918
Managed Money,2019-04-09,55737,133045,77308
Managed Money,2019-04-02,39158,122356,83198
Managed Money,2019-03-26,79757,153684,73927
Managed Money,2019-03-19,57746,144750,87004
Managed Money,2019-03-12,41774,140494,98720
Managed Money,2019-03-05,47872,135378,87506
Managed Money,2019-02-26,104230,176535,72305
Managed Money,2019-02-19,108711,187298,78587
Managed Money,2019-02-12,64494,150680,86186
Managed Money,2019-02-05,66532,153563,87031
Managed Money,2019-01-29,55804,147031,91227
Managed Money,2019-01-22,34099,121311,87212
Managed Money,2019-01-15,43806,132256,88450
Managed Money,2019-01-08,49948,127650,77702
Managed Money,2018-12-31,72711,141965,69254
Managed Money,2018-12-24,56949,132126,75177
Managed Money,2018-12-18,24569,112974,88405
Managed Money,2018-12-11,10252,98251,87999
Managed Money,2018-12-04,-1539,106077,107616
Managed Money,2018-11-27,-51828,86219,138047
Managed Money,2018-11-20,-43364,91096,134460
Managed Money,2018-11-13,-70864,83109,153973
Managed Money,2018-11-06,-37486,91674,129160
Managed Money,2018-10-30,-45622,89265,134887
Managed Money,2018-10-23,-26899,109469,136368
Managed Money,2018-10-16,-37372,107401,144773
Managed Money,2018-10-09,-103009,86777,189786
Managed Money,2018-10-02,-73128,107323,180451
Managed Money,2018-09-25,-77313,104718,182031
Managed Money,2018-09-18,-74390,103764,178154
Managed Money,2018-09-11,-71425,103747,175172
Managed Money,2018-09-04,-78918,105397,184315
Managed Money,2018-08-28,-69453,113983,183436
Managed Money,2018-08-21,-78579,111920,190499
Managed Money,2018-08-14,-77273,110480,187753
Managed Money,2018-08-07,-63282,107098,170380
Managed Money,2018-07-31,-41087,112509,153596
Managed Money,2018-07-24,-27156,114944,142100
Managed Money,2018-07-17,-22155,109660,131815
Managed Money,2018-07-10,3230,110982,107752
Managed Money,2018-07-03,4291,109569,105278
Managed Money,2018-06-26,4186,99685,95499
Managed Money,2018-06-19,23514,98432,74918
Managed Money,2018-06-12,64572,111367,46795
Managed Money,2018-06-05,58066,107178,49112
Managed Money,2018-05-29,61235,113702,52467
Managed Money,2018-05-22,27527,94527,67000
Managed Money,2018-05-15,31327,107133,75806
Managed Money,2018-05-08,52621,118003,65382
Managed Money,2018-05-01,51985,128474,76489
Managed Money,2018-04-24,114363,157977,43614
Managed Money,2018-04-17,143594,171740,28146
Managed Money,2018-04-10,138212,169368,31156
Managed Money,2018-04-03,137849,166991,29142
Managed Money,2018-03-27,172834,193929,21095
Managed Money,2018-03-20,121838,153674,31836
Managed Money,2018-03-13,145659,171295,25636
Managed Money,2018-03-06,161812,184499,22687
Managed Money,2018-02-27,157634,184462,26828
Managed Money,2018-02-20,187318,200662,13344
Managed Money,2018-02-13,179711,195737,16026
Managed Money,2018-02-06,191426,215397,23971
Managed Money,2018-01-30,214595,237876,23281
Managed Money,2018-01-23,211829,236333,24504
Managed Money,2018-01-16,203967,229913,25946
Managed Money,2018-01-09,198040,217821,19781
Managed Money,2018-01-02,152650,171939,19289
Managed Money,2017-12-26,109919,130693,20774
Managed Money,2017-12-19,87076,119104,32028
Managed Money,2017-12-12,80453,124217,43764
Managed Money,2017-12-05,139947,170671,30724
Managed Money,2017-11-28,204204,214195,9991
Managed Money,2017-11-21,177066,191443,14377
Managed Money,2017-11-14,181010,196188,15178
Managed Money,2017-11-07,173562,190188,16626
Managed Money,2017-10-31,166535,182896,16361
Managed Money,2017-10-24,173043,195159,22116
Managed Money,2017-10-17,175011,201340,26329
Managed Money,2017-10-10,180542,202233,21691
Managed Money,2017-10-03,185788,208107,22319
Managed Money,2017-09-26,204731,227673,22942
Managed Money,2017-09-19,242650,258087,15437
Managed Money,2017-09-12,264934,278311,13377
Managed Money,2017-09-05,249588,262633,13045
Managed Money,2017-08-29,231896,244971,13075
Managed Money,2017-08-22,196331,209547,13216
Managed Money,2017-08-15,179537,196453,16916
Managed Money,2017-08-08,138566,167068,28502
Managed Money,2017-08-01,122773,163695,40922
Managed Money,2017-07-25,75048,139571,64523
Managed Money,2017-07-18,28820,128121,99301
Managed Money,2017-07-11,27100,122824,95724
Managed Money,2017-07-03,37776,131097,93321
Managed Money,2017-06-27,76732,147874,71142
Managed Money,2017-06-20,105357,170369,65012
Managed Money,2017-06-13,155037,220196,65159
Managed Money,2017-06-06,174658,236038,61380
Managed Money,2017-05-30,131572,181140,49568
Managed Money,2017-05-23,117661,167181,49520
Managed Money,2017-05-16,69923,132485,62562
Managed Money,2017-05-09,99920,149372,49452
Managed Money,2017-05-02,148432,197861,49429
Managed Money,2017-04-25,165281,209290,44009
Managed Money,2017-04-18,161263,202114,40851
Managed Money,2017-04-11,140407,183591,43184
Managed Money,2017-04-04,115605,167764,52159
Managed Money,2017-03-28,99150,156448,57298
Managed Money,2017-03-21,65971,137976,72005
Managed Money,2017-03-14,49835,120289,70454
Managed Money,2017-03-07,93893,154355,60462
Managed Money,2017-02-28,121720,173523,51803
Managed Money,2017-02-21,82464,145115,62651
Managed Money,2017-02-14,67982,138099,70117
Managed Money,2017-02-07,75727,146783,71056
Managed Money,2017-01-31,72067,142567,70500
Managed Money,2017-01-24,59679,136284,76605
Managed Money,2017-01-17,59936,143408,83472
Managed Money,2017-01-10,54399,135216,80817
Managed Money,2017-01-03,34560,126891,92331
Managed Money,2016-12-27,41247,129215,87968
Managed Money,2016-12-20,53911,135232,81321
Managed Money,2016-12-13,68905,145455,76550
Managed Money,2016-12-06,80814,149368,68554
Managed Money,2016-11-29,103392,159758,56366
Managed Money,2016-11-22,121235,170982,49747
Managed Money,2016-11-15,132064,175336,43272
Managed Money,2016-11-08,176374,212887,36513
Managed Money,2016-11-01,172532,208471,35939
Managed Money,2016-10-25,151807,200568,48761
Managed Money,2016-10-18,137260,189243,51983
Managed Money,2016-10-11,153776,201353,47577
Managed Money,2016-10-04,205176,244662,39486
Managed Money,2016-09-27,261892,286710,24818
Managed Money,2016-09-20,219134,248089,28955
Managed Money,2016-09-13,248858,274579,25721
Managed Money,2016-09-06,278994,301769,22775
Managed Money,2016-08-30,238152,269964,31812
Managed Money,2016-08-23,264954,289936,24982
Managed Money,2016-08-16,253676,283303,29627
Managed Money,2016-08-09,255773,287090,31317
Managed Money,2016-08-02,267289,297024,29735
Managed Money,2016-07-26,256930,284772,27842
Managed Money,2016-07-19,264498,293879,29381
Managed Money,2016-07-12,271529,303991,32462
Managed Money,2016-07-05,286921,315643,28722
Managed Money,2016-06-28,273179,297407,24228
Managed Money,2016-06-21,256898,279379,22481
Managed Money,2016-06-14,240862,267663,26801
Managed Money,2016-06-07,186562,219813,33251
Managed Money,2016-05-31,155776,196117,40341
Managed Money,2016-05-24,169491,211311,41820
Managed Money,2016-05-17,227651,256529,28878
Managed Money,2016-05-10,225884,256187,30303
Managed Money,2016-05-03,233638,258045,24407
Managed Money,2016-04-26,184087,215149,31062
Managed Money,2016-04-19,188030,219307,31277
Managed Money,2016-04-12,184218,214349,30131
Managed Money,2016-04-05,163589,194839,31250
Managed Money,2016-03-29,164946,193139,28193
Managed Money,2016-03-22,161610,187143,25533
Managed Money,2016-03-15,146805,171675,24870
Managed Money,2016-03-08,148266,178673,30407
Managed Money,2016-03-01,122539,150481,27942
Managed Money,2016-02-23,123566,152715,29149
Managed Money,2016-02-16,93934,135407,41473
Managed Money,2016-02-09,72912,130180,57268
Managed Money,2016-02-02,35620,106429,70809
Managed Money,2016-01-26,23849,102247,78398
Managed Money,2016-01-19,1934,86795,84861
Managed Money,2016-01-12,902,85795,84893
Managed Money,2016-01-05,-13577,81837,95414
Managed Money,2015-12-29,-24263,78757,103020
Managed Money,2015-12-22,-14902,83508,98410
Managed Money,2015-12-15,-21881,88430,110311
Managed Money,2015-12-08,-14089,95488,109577
Managed Money,2015-12-01,-17949,92791,110740
Managed Money,2015-11-24,-14655,93941,108596
Managed Money,2015-11-17,-8989,92318,101307
Managed Money,2015-11-10,21530,93566,72036
Managed Money,2015-11-03,72075,119073,46998
Managed Money,2015-10-27,120645,152588,31943
Managed Money,2015-10-20,121804,159450,37646
Managed Money,2015-10-13,82546,132909,50363
Managed Money,2015-10-06,49822,120576,70754
Managed Money,2015-09-29,41849,117169,75320
Managed Money,2015-09-22,21525,110892,89367
Managed Money,2015-09-15,6866,104520,97654
Managed Money,2015-09-08,28286,116101,87815
Managed Money,2015-09-01,44416,118862,74446
Managed Money,2015-08-25,44271,125505,81234
Managed Money,2015-08-18,12764,117052,104288
Managed Money,2015-08-11,-2794,111949,114743
Managed Money,2015-08-04,-10293,105958,116251
Managed Money,2015-07-28,-11334,109745,121079
Managed Money,2015-07-21,-11345,109893,121238
Managed Money,2015-07-14,4633,112948,108315
Managed Money,2015-07-07,7574,115985,108411
Managed Money,2015-06-30,21480,120195,98715
Managed Money,2015-06-23,47671,131698,84027
Managed Money,2015-06-16,42818,131034,88216
Managed Money,2015-06-09,44717,126955,82238
Managed Money,2015-06-02,68908,131644,62736
Managed Money,2015-05-26,73025,131569,58544
Managed Money,2015-05-19,86672,140022,53350
Managed Money,2015-05-12,36150,111116,74966
Managed Money,2015-05-05,31661,105810,74149
Managed Money,2015-04-28,60653,124226,63573
Managed Money,2015-04-21,58466,118094,59628
Managed Money,2015-04-14,57603,119332,61729
Managed Money,2015-04-07,65366,122148,56782
Managed Money,2015-03-31,45676,112473,66797
Managed Money,2015-03-24,31653,115675,84022
Managed Money,2015-03-17,35121,112387,77266
Managed Money,2015-03-10,64925,122107,57182
Managed Money,2015-03-03,87966,130432,42466
Managed Money,2015-02-24,103528,139507,35979
Managed Money,2015-02-17,110164,144043,33879
Managed Money,2015-02-10,133964,157507,23543
Managed Money,2015-02-03,161998,182772,20774
Managed Money,2015-01-27,167693,189594,21901
Managed Money,2015-01-20,145732,173268,27536
Managed Money,2015-01-13,114728,144792,30064
Managed Money,2015-01-06,106734,140630,33896
Managed Money,2014-12-30,98391,136562,38171
Managed Money,2014-12-23,93099,134693,41594
Managed Money,2014-12-16,103738,139547,35809
Managed Money,2014-12-09,104532,143086,38554
Managed Money,2014-12-02,79497,128656,49159
Managed Money,2014-11-25,66228,124964,58736
Managed Money,2014-11-18,60307,125712,65405
Managed Money,2014-11-11,38673,116822,78149
Managed Money,2014-11-04,45072,120480,75408
Managed Money,2014-10-28,70298,136561,66263
Managed Money,2014-10-21,75273,141899,66626
Managed Money,2014-10-14,51994,131646,79652
Managed Money,2014-10-07,37275,118339,81064
Managed Money,2014-09-30,37743,119005,81262
Managed Money,2014-09-23,44265,122035,77770
Managed Money,2014-09-16,55716,124959,69243
Managed Money,2014-09-09,71376,129921,58545
Managed Money,2014-09-02,74031,127078,53047
Managed Money,2014-08-26,92734,129611,36877
Managed Money,2014-08-19,116916,141358,24442
Managed Money,2014-08-12,133708,154516,20808
Managed Money,2014-08-05,104111,136741,32630
Managed Money,2014-07-29,122092,148193,26101
Managed Money,2014-07-22,136120,157232,21112
Managed Money,2014-07-15,131971,157908,25937
Managed Money,2014-07-08,144272,163897,19625
Managed Money,2014-07-01,136929,159117,22188
Managed Money,2014-06-24,114356,145826,31470
Managed Money,2014-06-17,66572,122914,56342
Managed Money,2014-06-10,51280,121243,69963
Managed Money,2014-06-03,51064,121428,70364
Managed Money,2014-05-27,68393,122275,53882
Managed Money,2014-05-20,90358,121639,31281
Managed Money,2014-05-13,94329,125612,31283
Managed Money,2014-05-06,102895,131215,28320
Managed Money,2014-04-29,89954,118660,28706
Managed Money,2014-04-22,90572,117199,26627
Managed Money,2014-04-15,90137,117935,27798
Managed Money,2014-04-08,98492,122701,24209
Managed Money,2014-04-01,106354,129095,22741
Managed Money,2014-03-25,120042,137231,17189
Managed Money,2014-03-18,138429,151939,13510
Managed Money,2014-03-11,123007,144080,21073
Managed Money,2014-03-04,118241,144562,26321
Managed Money,2014-02-25,113911,144907,30996
Managed Money,2014-02-18,90942,140840,49898
Managed Money,2014-02-11,69291,129791,60500
Managed Money,2014-02-04,59408,119256,59848
Managed Money,2014-01-28,60672,120096,59424
Managed Money,2014-01-21,43353,113823,70470
Managed Money,2014-01-14,43277,114002,70725
Managed Money,2014-01-07,40229,108936,68707
Managed Money,2013-12-31,34104,106675,72571
Managed Money,2013-12-24,28702,104754,76052
Managed Money,2013-12-17,32524,107723,75199
Managed Money,2013-12-10,33449,107761,74312
Managed Money,2013-12-03,26774,106405,79631
Managed Money,2013-11-26,31735,106699,74964
Managed Money,2013-11-19,44291,106880,62589
Managed Money,2013-11-12,55456,109599,54143
Managed Money,2013-11-05,87689,114179,26490
Managed Money,2013-10-29,100707,120058,19351
Managed Money,2013-10-22,79361,116333,36972
Managed Money,2013-10-15,62526,107164,44638
Managed Money,2013-10-08,84666,109368,24702
Managed Money,2013-10-01,72938,108238,35300
Managed Money,2013-09-24,78654,111170,32516
Managed Money,2013-09-17,70113,109217,39104
Managed Money,2013-09-10,84929,117140,32211
Managed Money,2013-09-03,101396,130734,29338
Managed Money,2013-08-27,97902,129990,32088
Managed Money,2013-08-20,73216,124294,51078
Managed Money,2013-08-13,56604,115363,58759
Managed Money,2013-08-06,48103,118938,70835
Managed Money,2013-07-30,65517,121521,56004
Managed Money,2013-07-23,70067,122496,52429
Managed Money,2013-07-16,55535,116537,61002
Managed Money,2013-07-09,35691,115838,80147
Managed Money,2013-07-02,34301,112449,78148
Managed Money,2013-06-25,31197,108224,77027
Managed Money,2013-06-18,38951,112281,73330
Managed Money,2013-06-11,54779,119134,64355
Managed Money,2013-06-04,57113,116610,59497
Managed Money,2013-05-28,48096,119407,71311
Managed Money,2013-05-21,35686,115102,79416
Managed Money,2013-05-14,39216,113648,74432
Managed Money,2013-05-07,49260,116634,67374
Managed Money,2013-04-30,54762,118065,63303
Managed Money,2013-04-23,46168,115894,69726
Managed Money,2013-04-16,61579,121321,59742
Managed Money,2013-04-09,56084,121162,65078
Managed Money,2013-04-02,47164,115329,68165
Managed Money,2013-03-26,60126,116045,55919
Managed Money,2013-03-19,70193,126584,56391
Managed Money,2013-03-12,43195,113321,70126
Managed Money,2013-03-05,39631,108391,68760
Managed Money,2013-02-26,54180,115872,61692
Managed Money,2013-02-19,42318,107935,65617
Managed Money,2013-02-12,70250,119403,49153
Managed Money,2013-02-05,86926,121755,34829
Managed Money,2013-01-29,82081,116948,34867
Managed Money,2013-01-22,107496,127938,20442
Managed Money,2013-01-15,99458,123533,24075
Managed Money,2013-01-08,92115,120191,28076
Managed Money,2012-12-31,105761,130258,24497
Managed Money,2012-12-24,101922,128155,26233
Managed Money,2012-12-18,112421,132662,20241
Managed Money,2012-12-11,129865,142494,12629
Managed Money,2012-12-04,126073,141467,15394
Managed Money,2012-11-27,168238,175521,7283
Managed Money,2012-11-20,148630,158505,9875
Managed Money,2012-11-13,140162,151579,11417
Managed Money,2012-11-06,130128,141531,11403
Managed Money,2012-10-30,149853,161492,11639
Managed Money,2012-10-23,161987,171484,9497
Managed Money,2012-10-16,184404,191980,7576
Managed Money,2012-10-09,198194,204810,6616
Managed Money,2012-10-02,195647,202186,6539
Managed Money,2012-09-25,189870,194985,5115
Managed Money,2012-09-18,178426,185298,6872
Managed Money,2012-09-11,165724,171870,6146
Managed Money,2012-09-04,144775,155717,10942
Managed Money,2012-08-28,131687,144705,13018
Managed Money,2012-08-21,110623,128128,17505
Managed Money,2012-08-14,82056,109187,27131
Managed Money,2012-08-07,85510,110650,25140
Managed Money,2012-07-31,96200,118837,22637
Managed Money,2012-07-24,71129,103695,32566
Managed Money,2012-07-17,92964,120939,27975
Managed Money,2012-07-10,88973,124456,35483
Managed Money,2012-07-03,108278,136268,27990
Managed Money,2012-06-26,84161,120155,35994
Managed Money,2012-06-19,104646,131120,26474
Managed Money,2012-06-12,99684,132726,33042
Managed Money,2012-06-05,98426,134207,35781
Managed Money,2012-05-29,77325,119117,41792
Managed Money,2012-05-22,77318,116460,39142
Managed Money,2012-05-15,78619,112676,34057
Managed Money,2012-05-08,92498,115878,23380
Managed Money,2012-05-01,116061,126625,10564
Managed Money,2012-04-24,107600,119768,12168
Managed Money,2012-04-17,112275,121993,9718
Managed Money,2012-04-10,109511,124479,14968
Managed Money,2012-04-03,118185,131544,13359
Managed Money,2012-03-27,130472,142430,11958
Managed Money,2012-03-20,113284,130396,17112
Managed Money,2012-03-13,138499,151297,12798
Managed Money,2012-03-06,145997,157407,11410
Managed Money,2012-02-28,197552,205525,7973
Managed Money,2012-02-21,179132,187996,8864
Managed Money,2012-02-14,162956,171383,8427
Managed Money,2012-02-07,173172,179384,6212
Managed Money,2012-01-31,159509,165702,6193
Managed Money,2012-01-24,126937,138142,11205
Managed Money,2012-01-17,116978,129904,12926
Managed Money,2012-01-10,110499,126619,16120
Managed Money,2012-01-03,110594,128430,17836
Managed Money,2011-12-27,111919,126992,15073
Managed Money,2011-12-20,117151,131086,13935
Managed Money,2011-12-13,135117,145554,10437
Managed Money,2011-12-06,151347,159210,7863
Managed Money,2011-11-29,146298,154120,7822
Managed Money,2011-11-22,149256,158327,9071
Managed Money,2011-11-15,171632,180024,8392
Managed Money,2011-11-08,167028,174089,7061
Managed Money,2011-11-01,148279,157392,9113
Managed Money,2011-10-25,138846,152470,13624
Managed Money,2011-10-18,127689,139993,12304
Managed Money,2011-10-11,131637,143718,12081
Managed Money,2011-10-04,127249,142320,15071
Managed Money,2011-09-27,129502,144046,14544
Managed Money,2011-09-20,160322,168642,8320
Managed Money,2011-09-13,185767,192080,6313
Managed Money,2011-09-06,197844,202824,4980
Managed Money,2011-08-30,195372,201447,6075
Managed Money,2011-08-23,201294,213109,11815
Managed Money,2011-08-16,218403,228713,10310
Managed Money,2011-08-09,218574,227174,8600
Managed Money,2011-08-02,253653,259002,5349
Managed Money,2011-07-26,233256,237247,3991
Managed Money,2011-07-19,238319,243363,5044
Managed Money,2011-07-12,222184,228630,6446
Managed Money,2011-07-05,177791,183054,5263
Managed Money,2011-06-28,181356,187203,5847
Managed Money,2011-06-21,226501,230545,4044
Managed Money,2011-06-14,203820,208836,5016
Managed Money,2011-06-07,216220,219432,3212
Managed Money,2011-05-31,206794,212360,5566
Managed Money,2011-05-24,198515,207327,8812
Managed Money,2011-05-17,185385,190135,4750
Managed Money,2011-05-10,198607,204903,6296
Managed Money,2011-05-03,218255,222216,3961
Managed Money,2011-04-26,220548,224168,3620
Managed Money,2011-04-19,228577,231621,3044
Managed Money,2011-04-12,211095,216201,5106
Managed Money,2011-04-05,216868,222483,5615
Managed Money,2011-03-29,199312,201651,2339
Managed Money,2011-03-22,189202,192838,3636
Managed Money,2011-03-15,183908,194037,10129
Managed Money,2011-03-08,199221,206489,7268
Managed Money,2011-03-01,201084,210620,9536
Managed Money,2011-02-22,182739,194563,11824
Managed Money,2011-02-15,159814,172360,12546
Managed Money,2011-02-08,145846,164435,18589
Managed Money,2011-02-01,124794,149663,24869
Managed Money,2011-01-25,129664,160167,30503
Managed Money,2011-01-18,134473,162160,27687
Managed Money,2011-01-11,144236,164366,20130
Managed Money,2011-01-04,158659,175122,16463
Managed Money,2010-12-28,169987,182556,12569
Managed Money,2010-12-21,161155,175209,14054
Managed Money,2010-12-14,173759,185171,11412
Managed Money,2010-12-07,183737,194057,10320
Managed Money,2010-11-30,182716,192714,9998
Managed Money,2010-11-23,177269,191170,13901
Managed Money,2010-11-16,173067,187763,14696
Managed Money,2010-11-09,200996,215781,14785
Managed Money,2010-11-02,204702,219020,14318
Managed Money,2010-10-26,205958,216125,10167
Managed Money,2010-10-19,218061,227826,9765
Managed Money,2010-10-12,229543,237943,8400
Managed Money,2010-10-05,225274,232406,7132
Managed Money,2010-09-28,232220,238044,5824
Managed Money,2010-09-21,223128,228026,4898
Managed Money,2010-09-14,227384,234008,6624
Managed Money,2010-09-07,218898,224342,5444
Managed Money,2010-08-31,216265,222518,6253
Managed Money,2010-08-24,202471,208460,5989
Managed Money,2010-08-17,182276,188039,5763
Managed Money,2010-08-10,161122,171806,10684
Managed Money,2010-08-03,158419,171429,13010
Managed Money,2010-07-27,154381,168540,14159
Managed Money,2010-07-20,152713,174379,21666
Managed Money,2010-07-13,187077,194904,7827
Managed Money,2010-07-06,188634,200009,11375
Managed Money,2010-06-29,222663,227944,5281
Managed Money,2010-06-22,227831,231253,3422
Managed Money,2010-06-15,217716,220704,2988
Managed Money,2010-06-08,218124,222539,4415
Managed Money,2010-06-01,212415,216349,3934
Managed Money,2010-05-25,211028,216386,5358
Managed Money,2010-05-18,230422,234181,3759
Managed Money,2010-05-11,227195,233803,6608
Managed Money,2010-05-04,214139,221508,7369
Managed Money,2010-04-27,210701,216063,5362
Managed Money,2010-04-20,197751,202279,4528
Managed Money,2010-04-13,201258,205120,3862
Managed Money,2010-04-06,178383,185616,7233
Managed Money,2010-03-30,149399,157723,8324
Managed Money,2010-03-23,156775,165927,9152
Managed Money,2010-03-16,172965,179677,6712
Managed Money,2010-03-09,177719,182721,5002
Managed Money,2010-03-02,179874,185798,5924
Managed Money,2010-02-23,167680,174352,6672
Managed Money,2010-02-16,159308,169899,10591
Managed Money,2010-02-09,155623,169333,13710
Managed Money,2010-02-02,181085,189560,8475
Managed Money,2010-01-26,176156,184073,7917
Managed Money,2010-01-19,196107,204120,8013
Managed Money,2010-01-12,194345,205311,10966
Managed Money,2010-01-05,194590,201286,6696
Managed Money,2009-12-29,197560,203584,6024
Managed Money,2009-12-22,201788,207168,5380
Managed Money,2009-12-15,211313,215204,3891
Managed Money,2009-12-08,212653,216761,4108
Managed Money,2009-12-01,224935,232099,7164
Managed Money,2009-11-24,228956,233039,4083
Managed Money,2009-11-17,229670,233504,3834
Managed Money,2009-11-09,231753,235180,3427
Managed Money,2009-11-03,232700,236967,4267
Managed Money,2009-10-27,219912,221910,1998
Managed Money,2009-10-20,238138,240792,2654
Managed Money,2009-10-13,238943,241446,2503
Managed Money,2009-10-06,220386,223948,3562
Managed Money,2009-09-29,201515,202842,1327
Managed Money,2009-09-22,214231,215058,827
Managed Money,2009-09-15,213840,214661,821
Managed Money,2009-09-08,198468,201961,3493
Managed Money,2009-09-01,155759,160821,5062
Managed Money,2009-08-25,154439,159473,5034
Managed Money,2009-08-18,145089,156516,11427
Managed Money,2009-08-11,166752,171560,4808
Managed Money,2009-08-04,177212,181154,3942
Managed Money,2009-07-28,153880,159258,5378
Managed Money,2009-07-21,158676,162239,3563
Managed Money,2009-07-14,137676,145566,7890
Managed Money,2009-07-07,148172,151197,3025
Managed Money,2009-06-30,146193,154393,8200
Managed Money,2009-06-23,147760,155695,7935
Managed Money,2009-06-16,157019,161427,4408
Managed Money,2009-06-09,172289,174980,2691
Managed Money,2009-06-02,167015,171718,4703
Managed Money,2009-05-26,154065,162565,8500
Managed Money,2009-05-19,139738,148070,8332
Managed Money,2009-05-12,135406,144310,8904
Managed Money,2009-05-05,123826,133629,9803
Managed Money,2009-04-28,116312,130349,14037
Managed Money,2009-04-21,116598,129820,13222
Managed Money,2009-04-14,118249,131275,13026
Managed Money,2009-04-07,116694,131565,14871
Managed Money,2009-03-31,137088,144361,7273
Managed Money,2009-03-24,134235,141063,6828
Managed Money,2009-03-17,136329,141111,4782
Managed Money,2009-03-10,136526,142306,5780
Managed Money,2009-03-03,143427,148764,5337
Managed Money,2009-02-24,139709,148390,8681
Managed Money,2009-02-17,134915,147250,12335
Managed Money,2009-02-10,133610,144144,10534
Managed Money,2009-02-03,128671,139201,10530
Managed Money,2009-01-27,115561,126777,11216
Managed Money,2009-01-20,103925,111680,7755
Managed Money,2009-01-13,100299,107083,6784
Managed Money,2009-01-06,107477,113584,6107
Managed Money,2008-12-30,100925,108170,7245
Managed Money,2008-12-22,96923,103404,6481
Managed Money,2008-12-16,82481,94224,11743
Managed Money,2008-12-09,65759,77409,11650
Managed Money,2008-12-02,68406,76864,8458
Managed Money,2008-11-25,65348,80611,15263
Managed Money,2008-11-18,45452,69580,24128
Managed Money,2008-11-11,41895,71104,29209
Managed Money,2008-11-04,51653,76604,24951
Managed Money,2008-10-28,51008,73843,22835
Managed Money,2008-10-21,59984,78113,18129
Managed Money,2008-10-14,74496,88855,14359
Managed Money,2008-10-07,75392,92655,17263
Managed Money,2008-09-30,79144,92743,13599
Managed Money,2008-09-23,75788,99464,23676
Managed Money,2008-09-16,43510,87324,43814
Managed Money,2008-09-09,41223,82752,41529
Managed Money,2008-09-02,51783,87572,35789
Managed Money,2008-08-26,65958,94565,28607
Managed Money,2008-08-19,72701,92962,20261
Managed Money,2008-08-12,90988,107342,16354
Managed Money,2008-08-05,133972,145480,11508
Managed Money,2008-07-29,150581,162434,11853
Managed Money,2008-07-22,169631,182871,13240
Managed Money,2008-07-15,176312,192011,15699
Managed Money,2008-07-08,162890,179882,16992
Managed Money,2008-07-01,162963,180597,17634
Managed Money,2008-06-24,124657,148106,23449
Managed Money,2008-06-17,123095,141686,18591
Managed Money,2008-06-10,119507,148372,28865
Managed Money,2008-06-03,139780,160487,20707
Managed Money,2008-05-27,152939,171338,18399
Managed Money,2008-05-20,155929,169720,13791
Managed Money,2008-05-13,124655,153583,28928
Managed Money,2008-05-06,130281,152671,22390
Managed Money,2008-04-29,138053,155439,17386
Managed Money,2008-04-22,151278,162435,11157
Managed Money,2008-04-15,150571,161728,11157
Managed Money,2008-04-08,142569,156457,13888
Managed Money,2008-04-01,140483,151345,10862
Managed Money,2008-03-25,161844,173476,11632
Managed Money,2008-03-18,174322,185864,11542
Managed Money,2008-03-11,182120,192807,10687
Managed Money,2008-03-04,182115,194949,12834
Managed Money,2008-02-26,191702,201838,10136
Managed Money,2008-02-19,193381,204387,11006
Managed Money,2008-02-12,183195,194404,11209
Managed Money,2008-02-05,185749,194487,8738
Managed Money,2008-01-29,186690,194518,7828
Managed Money,2008-01-22,188881,198429,9548
Managed Money,2008-01-15,190901,201910,11009
Managed Money,2008-01-08,186417,197391,10974
Managed Money,2007-12-31,178402,187722,9320
Managed Money,2007-12-24,161615,168628,7013
Managed Money,2007-12-18,150531,158884,8353
Managed Money,2007-12-11,153433,158688,5255
Managed Money,2007-12-04,147724,152930,5206
Managed Money,2007-11-27,156732,165820,9088
Managed Money,2007-11-20,166536,174430,7894
Managed Money,2007-11-13,181043,189169,8126
Managed Money,2007-11-06,193095,204334,11239
Managed Money,2007-10-30,192125,199189,7064
Managed Money,2007-10-23,179717,187834,8117
Managed Money,2007-10-16,190050,197709,7659
Managed Money,2007-10-09,177948,185345,7397
Managed Money,2007-10-02,160261,171358,11097
Managed Money,2007-09-25,150852,159196,8344
Managed Money,2007-09-18,130754,137497,6743
Managed Money,2007-09-11,111534,119444,7910
Managed Money,2007-09-04,80451,91293,10842
Managed Money,2007-08-28,53179,68510,15331
Managed Money,2007-08-21,43812,66002,22190
Managed Money,2007-08-14,68177,79860,11683
Managed Money,2007-08-07,65938,86561,20623
Managed Money,2007-07-31,56978,77884,20906
Managed Money,2007-07-24,98284,115624,17340
Managed Money,2007-07-17,43745,72527,28782
Managed Money,2007-07-10,37626,71915,34289
Managed Money,2007-07-03,32169,68208,36039
Managed Money,2007-06-26,21494,69708,48214
Managed Money,2007-06-19,47361,78843,31482
Managed Money,2007-06-12,39950,79076,39126
Managed Money,2007-06-05,76208,101396,25188
Managed Money,2007-05-29,62304,91443,29139
Managed Money,2007-05-22,67958,95343,27385
Managed Money,2007-05-15,88209,108506,20297
Managed Money,2007-05-08,115076,131327,16251
Managed Money,2007-05-01,104947,124836,19889
Managed Money,2007-04-24,104181,125890,21709
Managed Money,2007-04-17,107551,126468,18917
Managed Money,2007-04-10,84896,108209,23313
Managed Money,2007-04-03,69787,92989,23202
Managed Money,2007-03-27,68836,88578,19742
Managed Money,2007-03-20,65830,84751,18921
Managed Money,2007-03-13,67989,86558,18569
Managed Money,2007-03-06,68624,90785,22161
Managed Money,2007-02-27,115842,139549,23707
Managed Money,2007-02-20,98157,124341,26184
Managed Money,2007-02-13,99290,124329,25039
Managed Money,2007-02-06,84111,111899,27788
Managed Money,2007-01-30,72983,102396,29413
Managed Money,2007-01-23,59205,89090,29885
Managed Money,2007-01-16,35275,69652,34377
Managed Money,2007-01-09,25229,66123,40894
Managed Money,2007-01-03,47667,79570,31903
Managed Money,2006-12-26,38418,71209,32791
Managed Money,2006-12-19,40642,69911,29269
Managed Money,2006-12-12,51681,80167,28486
Managed Money,2006-12-05,54908,83017,28109
Managed Money,2006-11-28,47771,77611,29840
Managed Money,2006-11-21,51542,79463,27921
Managed Money,2006-11-14,53997,81805,27808
Managed Money,2006-11-07,49313,79413,30100
Managed Money,2006-10-31,26310,62544,36234
Managed Money,2006-10-24,15705,56144,40439
Managed Money,2006-10-17,26754,67141,40387
Managed Money,2006-10-10,25020,63659,38639
Managed Money,2006-10-03,34328,67587,33259
Managed Money,2006-09-26,37966,70524,32558
Managed Money,2006-09-19,42177,71695,29518
Managed Money,2006-09-12,47051,78251,31200
Managed Money,2006-09-05,63174,90955,27781
Managed Money,2006-08-29,51928,83122,31194
Managed Money,2006-08-22,64337,90079,25742
Managed Money,2006-08-15,72364,96966,24602
Managed Money,2006-08-08,80329,104600,24271
Managed Money,2006-08-01,74939,99330,24391
Managed Money,2006-07-25,76701,99087,22386
Managed Money,2006-07-18,83117,107413,24296
Managed Money,2006-07-11,76589,104213,27624
Managed Money,2006-07-03,62093,92545,30452
Managed Money,2006-06-27,58755,91042,32287
Managed Money,2006-06-20,63669,94632,30963
Managed Money,2006-06-13,72295,103211,30916
Other Reportable,2024-10-08,50481,98798,48317
Other Reportable,2024-10-01,51740,98362,46622
Other Reportable,2024-09-24,59098,103627,44529
Other Reportable,2024-09-17,55136,101525,46389
Other Reportable,2024-09-10,53918,96175,42257
Other Reportable,2024-09-03,56483,96747,40264
Other Reportable,2024-08-27,58039,97567,39528
Other Reportable,2024-08-20,63035,104599,41564
Other Reportable,2024-08-13,55549,94460,38911
Other Reportable,2024-08-06,54710,86637,31927
Other Reportable,2024-07-30,62978,97460,34482
Other Reportable,2024-07-23,70122,103744,33622
Other Reportable,2024-07-16,68160,104729,36569
Other Reportable,2024-07-09,63633,94232,30599
Other Reportable,2024-06-25,61832,90463,28631
Other Reportable,2024-06-18,60441,90060,29619
Other Reportable,2024-06-11,58617,88560,29943
Other Reportable,2024-06-04,63247,93445,30198
Other Reportable,2024-05-28,67644,97316,29672
Other Reportable,2024-05-21,63396,97857,34461
Other Reportable,2024-05-14,59807,96497,36690
Other Reportable,2024-05-07,62988,93970,30982
Other Reportable,2024-04-30,63392,94836,31444
Other Reportable,2024-04-23,52742,92923,40181
Other Reportable,2024-04-16,58723,99446,40723
Other Reportable,2024-04-09,55363,98894,43531
Other Reportable,2024-04-02,58361,101693,43332
Other Reportable,2024-03-26,60645,97115,36470
Other Reportable,2024-03-19,60819,100317,39498
Other Reportable,2024-03-12,62980,104220,41240
Other Reportable,2024-03-05,77192,117170,39978
Other Reportable,2024-02-27,75845,104239,28394
Other Reportable,2024-02-20,78199,103577,25378
Other Reportable,2024-02-13,82852,106888,24036
Other Reportable,2024-02-06,81839,106082,24243
Other Reportable,2024-01-30,79472,103340,23868
Other Reportable,2024-01-23,95789,120056,24267
Other Reportable,2024-01-16,81614,120144,38530
Other Reportable,2024-01-09,84855,126186,41331
Other Reportable,2024-01-02,80573,124485,43912
Other Reportable,2023-12-26,82300,126005,43705
Other Reportable,2023-12-19,77146,115777,38631
Other Reportable,2023-12-12,77526,112904,35378
Other Reportable,2023-12-05,78207,118381,40174
Other Reportable,2023-11-28,67156,108677,41521
Other Reportable,2023-11-21,68459,106403,37944
Other Reportable,2023-11-14,68890,103678,34788
Other Reportable,2023-11-07,67328,104860,37532
Other Reportable,2023-10-31,65080,104831,39751
Other Reportable,2023-10-24,62539,103923,41384
Other Reportable,2023-10-17,68218,101101,32883
Other Reportable,2023-10-10,75263,103843,28580
Other Reportable,2023-10-03,78272,106799,28527
Other Reportable,2023-09-26,76882,108416,31534
Other Reportable,2023-09-19,70113,102566,32453
Other Reportable,2023-09-12,73133,104932,31799
Other Reportable,2023-09-05,73558,105077,31519
Other Reportable,2023-08-29,68794,104829,36035
Other Reportable,2023-08-22,73055,104984,31929
Other Reportable,2023-08-15,73262,105117,31855
Other Reportable,2023-08-08,69140,102328,33188
Other Reportable,2023-08-01,69956,104093,34137
Other Reportable,2023-07-25,63542,103285,39743
Other Reportable,2023-07-18,64405,105779,41374
Other Reportable,2023-07-11,68002,103395,35393
Other Reportable,2023-07-03,65991,100417,34426
Other Reportable,2023-06-27,67125,100133,33008
Other Reportable,2023-06-20,68504,103786,35282
Other Reportable,2023-06-13,67609,102337,34728
Other Reportable,2023-06-06,64639,102483,37844
Other Reportable,2023-05-30,64866,100289,35423
Other Reportable,2023-05-23,65314,102698,37384
Other Reportable,2023-05-16,73477,111221,37744
Other Reportable,2023-05-09,78911,120028,41117
Other Reportable,2023-05-02,77347,117939,40592
Other Reportable,2023-04-25,76650,115209,38559
Other Reportable,2023-04-18,80899,120379,39480
Other Reportable,2023-04-11,78844,121933,43089
Other Reportable,2023-04-04,75057,120751,45694
Other Reportable,2023-03-28,69719,109306,39587
Other Reportable,2023-03-21,67429,107421,39992
Other Reportable,2023-03-14,69193,106288,37095
Other Reportable,2023-03-07,74025,104958,30933
Other Reportable,2023-02-28,73135,103828,30693
Other Reportable,2023-02-21,69343,103134,33791
Other Reportable,2023-02-14,67873,102818,34945
Other Reportable,2023-02-07,69195,105864,36669
Other Reportable,2023-01-31,77994,116936,38942
Other Reportable,2023-01-24,77231,118778,41547
Other Reportable,2023-01-17,83436,119928,36492
Other Reportable,2023-01-10,90033,124801,34768
Other Reportable,2023-01-03,87230,120816,33586
Other Reportable,2022-12-27,85807,121450,35643
Other Reportable,2022-12-20,84005,117994,33989
Other Reportable,2022-12-13,83860,118517,34657
Other Reportable,2022-12-06,87172,116290,29118
Other Reportable,2022-11-29,91435,118940,27505
Other Reportable,2022-11-22,92559,120374,27815
Other Reportable,2022-11-15,98303,128978,30675
Other Reportable,2022-11-08,93161,130036,36875
Other Reportable,2022-11-01,96508,128935,32427
Other Reportable,2022-10-25,92476,125999,33523
Other Reportable,2022-10-18,89978,124158,34180
Other Reportable,2022-10-11,90080,125034,34954
Other Reportable,2022-10-04,85479,124855,39376
Other Reportable,2022-09-27,87273,124350,37077
Other Reportable,2022-09-20,93753,130792,37039
Other Reportable,2022-09-13,104681,137097,32416
Other Reportable,2022-09-06,100354,136744,36390
Other Reportable,2022-08-30,97325,136640,39315
Other Reportable,2022-08-23,97278,135231,37953
Other Reportable,2022-08-16,97800,136452,38652
Other Reportable,2022-08-09,95837,138578,42741
Other Reportable,2022-08-02,100388,141206,40818
Other Reportable,2022-07-26,101899,143488,41589
Other Reportable,2022-07-19,102222,141662,39440
Other Reportable,2022-07-12,114103,152760,38657
Other Reportable,2022-07-05,119610,158768,39158
Other Reportable,2022-06-28,118454,157161,38707
Other Reportable,2022-06-21,112809,155206,42397
Other Reportable,2022-06-14,114060,155824,41764
Other Reportable,2022-06-07,114192,154363,40171
Other Reportable,2022-05-31,118514,155917,37403
Other Reportable,2022-05-24,118429,156729,38300
Other Reportable,2022-05-17,123796,161130,37334
Other Reportable,2022-05-10,124524,160471,35947
Other Reportable,2022-05-03,128340,162912,34572
Other Reportable,2022-04-26,136870,172449,35579
Other Reportable,2022-04-19,141581,175968,34387
Other Reportable,2022-04-12,139681,174518,34837
Other Reportable,2022-04-05,143061,175766,32705
Other Reportable,2022-03-29,147829,180107,32278
Other Reportable,2022-03-22,147210,179233,32023
Other Reportable,2022-03-15,149171,186934,37763
Other Reportable,2022-03-08,145529,189799,44270
Other Reportable,2022-03-01,122602,172395,49793
Other Reportable,2022-02-22,120591,173314,52723
Other Reportable,2022-02-15,117116,165924,48808
Other Reportable,2022-02-08,125986,166066,40080
Other Reportable,2022-02-01,127213,169540,42327
Other Reportable,2022-01-25,128074,174820,46746
Other Reportable,2022-01-18,126401,170848,44447
Other Reportable,2022-01-11,127711,170920,43209
Other Reportable,2022-01-04,132258,172896,40638
Other Reportable,2021-12-28,129072,174261,45189
Other Reportable,2021-12-21,131911,172217,40306
Other Reportable,2021-12-14,135813,175342,39529
Other Reportable,2021-12-07,132921,173538,40617
Other Reportable,2021-11-30,129887,170088,40201
Other Reportable,2021-11-23,127614,173272,45658
Other Reportable,2021-11-16,119373,174861,55488
Other Reportable,2021-11-09,122121,172344,50223
Other Reportable,2021-11-02,126709,172201,45492
Other Reportable,2021-10-26,124192,170939,46747
Other Reportable,2021-10-19,130165,171256,41091
Other Reportable,2021-10-12,121506,162899,41393
Other Reportable,2021-10-05,121983,164258,42275
Other Reportable,2021-09-28,130592,169741,39149
Other Reportable,2021-09-21,133391,171272,37881
Other Reportable,2021-09-14,131508,172827,41319
Other Reportable,2021-09-07,132753,172961,40208
Other Reportable,2021-08-31,130111,171388,41277
Other Reportable,2021-08-24,125914,165676,39762
Other Reportable,2021-08-17,121731,158521,36790
Other Reportable,2021-08-10,118642,152806,34164
Other Reportable,2021-08-03,106462,140223,33761
Other Reportable,2021-07-27,99889,135118,35229
Other Reportable,2021-07-20,100413,136613,36200
Other Reportable,2021-07-13,98665,134497,35832
Other Reportable,2021-07-06,99048,135073,36025
Other Reportable,2021-06-29,95171,132922,37751
Other Reportable,2021-06-22,95004,132590,37586
Other Reportable,2021-06-08,105036,145688,40652
Other Reportable,2021-06-01,105197,141654,36457
Other Reportable,2021-05-25,106052,144022,37970
Other Reportable,2021-05-18,107506,145192,37686
Other Reportable,2021-05-11,108347,146398,38051
Other Reportable,2021-05-04,108541,144839,36298
Other Reportable,2021-04-27,110332,145073,34741
Other Reportable,2021-04-20,114868,149916,35048
Other Reportable,2021-04-13,115069,146581,31512
Other Reportable,2021-04-06,110318,143970,33652
Other Reportable,2021-03-30,107099,136033,28934
Other Reportable,2021-03-23,112230,137988,25758
Other Reportable,2021-03-16,120309,139180,18871
Other Reportable,2021-03-09,125268,140988,15720
Other Reportable,2021-03-02,124069,141712,17643
Other Reportable,2021-02-23,133450,147684,14234
Other Reportable,2021-02-16,136388,151340,14952
Other Reportable,2021-02-09,135259,150466,15207
Other Reportable,2021-02-02,140998,152791,11793
Other Reportable,2021-01-26,135602,149382,13780
Other Reportable,2021-01-19,135375,151430,16055
Other Reportable,2021-01-12,133786,153803,20017
Other Reportable,2021-01-05,128542,155663,27121
Other Reportable,2020-12-29,127473,153716,26243
Other Reportable,2020-12-21,125124,151398,26274
Other Reportable,2020-12-15,126462,149270,22808
Other Reportable,2020-12-08,127540,151092,23552
Other Reportable,2020-12-01,132833,150900,18067
Other Reportable,2020-11-24,116532,144291,27759
Other Reportable,2020-11-17,118337,148587,30250
Other Reportable,2020-11-10,119234,148008,28774
Other Reportable,2020-11-03,118148,148700,30552
Other Reportable,2020-10-27,114748,146548,31800
Other Reportable,2020-10-20,115545,149742,34197
Other Reportable,2020-10-13,118407,150476,32069
Other Reportable,2020-10-06,119381,148220,28839
Other Reportable,2020-09-29,115224,143646,28422
Other Reportable,2020-09-22,110755,137564,26809
Other Reportable,2020-09-15,108128,136703,28575
Other Reportable,2020-09-08,109560,136060,26500
Other Reportable,2020-09-01,109698,136952,27254
Other Reportable,2020-08-25,111758,137633,25875
Other Reportable,2020-08-18,109795,138055,28260
Other Reportable,2020-08-11,109590,139852,30262
Other Reportable,2020-08-04,111209,145533,34324
Other Reportable,2020-07-28,103092,140526,37434
Other Reportable,2020-07-21,114589,141995,27406
Other Reportable,2020-07-14,111602,139279,27677
Other Reportable,2020-07-07,111718,145301,33583
Other Reportable,2020-06-30,110371,142150,31779
Other Reportable,2020-06-23,99863,129745,29882
Other Reportable,2020-06-16,99427,126028,26601
Other Reportable,2020-06-09,98048,122324,24276
Other Reportable,2020-06-02,100728,124322,23594
Other Reportable,2020-05-26,104729,125880,21151
Other Reportable,2020-05-19,110264,130737,20473
Other Reportable,2020-05-12,107941,124650,16709
Other Reportable,2020-05-05,103755,123718,19963
Other Reportable,2020-04-28,101999,123607,21608
Other Reportable,2020-04-21,97169,120921,23752
Other Reportable,2020-04-14,91498,120089,28591
Other Reportable,2020-04-07,86737,116051,29314
Other Reportable,2020-03-31,90356,118913,28557
Other Reportable,2020-03-24,113074,137087,24013
Other Reportable,2020-03-17,98843,127287,28444
Other Reportable,2020-03-10,85124,106929,21805
Other Reportable,2020-03-03,99640,117677,18037
Other Reportable,2020-02-25,101419,123534,22115
Other Reportable,2020-02-18,104597,123010,18413
Other Reportable,2020-02-11,97998,115672,17674
Other Reportable,2020-02-04,99913,119227,19314
Other Reportable,2020-01-28,96734,114765,18031
Other Reportable,2020-01-21,83756,112217,28461
Other Reportable,2020-01-14,79754,109598,29844
Other Reportable,2020-01-07,85194,118535,33341
Other Reportable,2019-12-31,87918,118008,30090
Other Reportable,2019-12-24,79214,110593,31379
Other Reportable,2019-12-17,72258,103296,31038
Other Reportable,2019-12-10,71492,102309,30817
Other Reportable,2019-12-03,70233,103754,33521
Other Reportable,2019-11-26,64502,97159,32657
Other Reportable,2019-11-19,73499,99589,26090
Other Reportable,2019-11-12,66877,97958,31081
Other Reportable,2019-11-05,71198,101970,30772
Other Reportable,2019-10-29,69314,98798,29484
Other Reportable,2019-10-22,64603,97099,32496
Other Reportable,2019-10-15,63466,95819,32353
Other Reportable,2019-10-08,67287,95822,28535
Other Reportable,2019-10-01,66327,92598,26271
Other Reportable,2019-09-24,65899,95531,29632
Other Reportable,2019-09-17,66431,94804,28373
Other Reportable,2019-09-10,62046,90259,28213
Other Reportable,2019-09-03,73989,102330,28341
Other Reportable,2019-08-27,73522,105026,31504
Other Reportable,2019-08-20,64556,96670,32114
Other Reportable,2019-08-13,66300,97469,31169
Other Reportable,2019-08-06,61542,97255,35713
Other Reportable,2019-07-30,61482,89912,28430
Other Reportable,2019-07-23,62313,92508,30195
Other Reportable,2019-07-16,59385,90109,30724
Other Reportable,2019-07-09,57413,89286,31873
Other Reportable,2019-07-02,53660,85880,32220
Other Reportable,2019-06-25,49300,82885,33585
Other Reportable,2019-06-18,45852,74826,28974
Other Reportable,2019-06-11,49223,73987,24764
Other Reportable,2019-06-04,57751,78609,20858
Other Reportable,2019-05-28,52399,69053,16654
Other Reportable,2019-05-21,55311,71488,16177
Other Reportable,2019-05-14,62526,78400,15874
Other Reportable,2019-05-07,58426,74039,15613
Other Reportable,2019-04-30,59710,74082,14372
Other Reportable,2019-04-23,58350,75232,16882
Other Reportable,2019-04-16,59686,75332,15646
Other Reportable,2019-04-09,61607,73764,12157
Other Reportable,2019-04-02,59812,72476,12664
Other Reportable,2019-03-26,57368,73160,15792
Other Reportable,2019-03-19,54381,72969,18588
Other Reportable,2019-03-12,57078,74821,17743
Other Reportable,2019-03-05,49524,68331,18807
Other Reportable,2019-02-26,56704,78613,21909
Other Reportable,2019-02-19,61917,83018,21101
Other Reportable,2019-02-12,62058,78176,16118
Other Reportable,2019-02-05,64235,80092,15857
Other Reportable,2019-01-29,68386,83698,15312
Other Reportable,2019-01-22,62840,77589,14749
Other Reportable,2019-01-15,69171,83538,14367
Other Reportable,2019-01-08,71344,84163,12819
Other Reportable,2018-12-31,72193,84178,11985
Other Reportable,2018-12-24,74406,85876,11470
Other Reportable,2018-12-18,62928,74706,11778
Other Reportable,2018-12-11,58450,73101,14651
Other Reportable,2018-12-04,54259,67620,13361
Other Reportable,2018-11-27,49310,66951,17641
Other Reportable,2018-11-20,47981,69065,21084
Other Reportable,2018-11-13,47933,69720,21787
Other Reportable,2018-11-06,49696,71450,21754
Other Reportable,2018-10-30,51598,73070,21472
Other Reportable,2018-10-23,55302,78079,22777
Other Reportable,2018-10-16,52331,76526,24195
Other Reportable,2018-10-09,46010,72066,26056
Other Reportable,2018-10-02,37927,71412,33485
Other Reportable,2018-09-25,44550,72353,27803
Other Reportable,2018-09-18,45472,73678,28206
Other Reportable,2018-09-11,42909,72527,29618
Other Reportable,2018-09-04,44662,73029,28367
Other Reportable,2018-08-28,52500,80201,27701
Other Reportable,2018-08-21,54615,80433,25818
Other Reportable,2018-08-14,51923,80442,28519
Other Reportable,2018-08-07,56287,80372,24085
Other Reportable,2018-07-31,58020,79039,21019
Other Reportable,2018-07-24,59488,82935,23447
Other Reportable,2018-07-17,61046,84138,23092
Other Reportable,2018-07-10,65826,86607,20781
Other Reportable,2018-07-03,62028,86258,24230
Other Reportable,2018-06-26,60805,82189,21384
Other Reportable,2018-06-19,60235,82798,22563
Other Reportable,2018-06-12,50888,74007,23119
Other Reportable,2018-06-05,49179,73634,24455
Other Reportable,2018-05-29,51519,75551,24032
Other Reportable,2018-05-22,49883,73385,23502
Other Reportable,2018-05-15,49250,75139,25889
Other Reportable,2018-05-08,50918,73835,22917
Other Reportable,2018-05-01,51383,74827,23444
Other Reportable,2018-04-24,27550,71218,43668
Other Reportable,2018-04-17,30323,77597,47274
Other Reportable,2018-04-10,26015,75917,49902
Other Reportable,2018-04-03,35332,74467,39135
Other Reportable,2018-03-27,39046,73853,34807
Other Reportable,2018-03-20,31479,69783,38304
Other Reportable,2018-03-13,28903,67255,38352
Other Reportable,2018-03-06,31525,70717,39192
Other Reportable,2018-02-27,25887,71171,45284
Other Reportable,2018-02-20,19908,69057,49149
Other Reportable,2018-02-13,12738,68949,56211
Other Reportable,2018-02-06,16745,70178,53433
Other Reportable,2018-01-30,11192,71027,59835
Other Reportable,2018-01-23,17978,73362,55384
Other Reportable,2018-01-16,20338,77780,57442
Other Reportable,2018-01-09,14021,75062,61041
Other Reportable,2018-01-02,19373,74741,55368
Other Reportable,2017-12-26,28974,73567,44593
Other Reportable,2017-12-19,29421,74238,44817
Other Reportable,2017-12-12,26133,72436,46303
Other Reportable,2017-12-05,40120,83984,43864
Other Reportable,2017-11-28,31006,80781,49775
Other Reportable,2017-11-21,28681,83274,54593
Other Reportable,2017-11-14,21459,80830,59371
Other Reportable,2017-11-07,27790,84833,57043
Other Reportable,2017-10-31,30151,86447,56296
Other Reportable,2017-10-24,25553,83033,57480
Other Reportable,2017-10-17,34635,87427,52792
Other Reportable,2017-10-10,33996,86748,52752
Other Reportable,2017-10-03,26692,82837,56145
Other Reportable,2017-09-26,23286,84949,61663
Other Reportable,2017-09-19,10124,78874,68750
Other Reportable,2017-09-12,9485,82549,73064
Other Reportable,2017-09-05,15334,86977,71643
Other Reportable,2017-08-29,14543,84204,69661
Other Reportable,2017-08-22,19120,85227,66107
Other Reportable,2017-08-15,12294,80313,68019
Other Reportable,2017-08-08,11277,77126,65849
Other Reportable,2017-08-01,12868,80641,67773
Other Reportable,2017-07-25,17287,79639,62352
Other Reportable,2017-07-18,29224,84538,55314
Other Reportable,2017-07-11,27934,84065,56131
Other Reportable,2017-07-03,52905,83475,30570
Other Reportable,2017-06-27,55425,86448,31023
Other Reportable,2017-06-20,46227,81456,35229
Other Reportable,2017-06-13,42085,79871,37786
Other Reportable,2017-06-06,39443,82995,43552
Other Reportable,2017-05-30,40236,72494,32258
Other Reportable,2017-05-23,41950,72475,30525
Other Reportable,2017-05-16,50334,78220,27886
Other Reportable,2017-05-09,41465,73021,31556
Other Reportable,2017-05-02,36575,71622,35047
Other Reportable,2017-04-25,30979,70893,39914
Other Reportable,2017-04-18,39080,75385,36305
Other Reportable,2017-04-11,36724,70207,33483
Other Reportable,2017-04-04,45578,73886,28308
Other Reportable,2017-03-28,44738,74852,30114
Other Reportable,2017-03-21,56166,85779,29613
Other Reportable,2017-03-14,47898,77563,29665
Other Reportable,2017-03-07,37608,72448,34840
Other Reportable,2017-02-28,46385,77185,30800
Other Reportable,2017-02-21,46789,76765,29976
Other Reportable,2017-02-14,42455,71770,29315
Other Reportable,2017-02-07,45642,72125,26483
Other Reportable,2017-01-31,47026,69300,22274
Other Reportable,2017-01-24,47644,72249,24605
Other Reportable,2017-01-17,46945,75207,28262
Other Reportable,2017-01-10,52126,74926,22800
Other Reportable,2017-01-03,55557,74596,19039
Other Reportable,2016-12-27,49937,69719,19782
Other Reportable,2016-12-20,49706,69950,20244
Other Reportable,2016-12-13,51271,74500,23229
Other Reportable,2016-12-06,46841,70307,23466
Other Reportable,2016-11-29,39315,63266,23951
Other Reportable,2016-11-22,37480,64827,27347
Other Reportable,2016-11-15,42674,66376,23702
Other Reportable,2016-11-08,46775,79557,32782
Other Reportable,2016-11-01,52375,87594,35219
Other Reportable,2016-10-25,60607,87997,27390
Other Reportable,2016-10-18,57635,86275,28640
Other Reportable,2016-10-11,56821,84856,28035
Other Reportable,2016-10-04,56471,84595,28124
Other Reportable,2016-09-27,49230,82059,32829
Other Reportable,2016-09-20,53521,84074,30553
Other Reportable,2016-09-13,53468,85372,31904
Other Reportable,2016-09-06,51129,85634,34505
Other Reportable,2016-08-30,53556,79533,25977
Other Reportable,2016-08-23,57745,83362,25617
Other Reportable,2016-08-16,58762,84672,25910
Other Reportable,2016-08-09,56948,84130,27182
Other Reportable,2016-08-02,58975,88045,29070
Other Reportable,2016-07-26,48575,77012,28437
Other Reportable,2016-07-19,54291,87803,33512
Other Reportable,2016-07-12,57739,90645,32906
Other Reportable,2016-07-05,60825,99194,38369
Other Reportable,2016-06-28,56604,94305,37701
Other Reportable,2016-06-21,59627,91769,32142
Other Reportable,2016-06-14,65177,99034,33857
Other Reportable,2016-06-07,64115,89627,25512
Other Reportable,2016-05-31,59861,85786,25925
Other Reportable,2016-05-24,64584,92239,27655
Other Reportable,2016-05-17,70999,102427,31428
Other Reportable,2016-05-10,67524,96897,29373
Other Reportable,2016-05-03,66258,98446,32188
Other Reportable,2016-04-26,59256,87841,28585
Other Reportable,2016-04-19,57539,88980,31441
Other Reportable,2016-04-12,58506,91678,33172
Other Reportable,2016-04-05,49760,82862,33102
Other Reportable,2016-03-29,49169,84966,35797
Other Reportable,2016-03-22,54729,92201,37472
Other Reportable,2016-03-15,56618,94843,38225
Other Reportable,2016-03-08,64591,102006,37415
Other Reportable,2016-03-01,61078,97937,36859
Other Reportable,2016-02-23,55413,93687,38274
Other Reportable,2016-02-16,54692,89691,34999
Other Reportable,2016-02-09,52474,89767,37293
Other Reportable,2016-02-02,48244,77892,29648
Other Reportable,2016-01-26,44882,76262,31380
Other Reportable,2016-01-19,45139,72998,27859
Other Reportable,2016-01-12,47345,75149,27804
Other Reportable,2016-01-05,44164,72927,28763
Other Reportable,2015-12-29,47573,73270,25697
Other Reportable,2015-12-22,47085,72425,25340
Other Reportable,2015-12-15,42194,71525,29331
Other Reportable,2015-12-08,38586,69170,30584
Other Reportable,2015-12-01,30989,67688,36699
Other Reportable,2015-11-24,34898,68151,33253
Other Reportable,2015-11-17,37952,72766,34814
Other Reportable,2015-11-10,43246,73666,30420
Other Reportable,2015-11-03,41575,71076,29501
Other Reportable,2015-10-27,42083,73189,31106
Other Reportable,2015-10-20,40996,73682,32686
Other Reportable,2015-10-13,43987,73583,29596
Other Reportable,2015-10-06,42998,73422,30424
Other Reportable,2015-09-29,36898,67210,30312
Other Reportable,2015-09-22,37837,69824,31987
Other Reportable,2015-09-15,29225,64372,35147
Other Reportable,2015-09-08,31523,65716,34193
Other Reportable,2015-09-01,33357,66533,33176
Other Reportable,2015-08-25,32445,67899,35454
Other Reportable,2015-08-18,32309,68064,35755
Other Reportable,2015-08-11,35096,73068,37972
Other Reportable,2015-08-04,37941,75277,37336
Other Reportable,2015-07-28,35212,71215,36003
Other Reportable,2015-07-21,34913,73809,38896
Other Reportable,2015-07-14,44351,76700,32349
Other Reportable,2015-07-07,43035,76536,33501
Other Reportable,2015-06-30,48292,75880,27588
Other Reportable,2015-06-23,51083,75509,24426
Other Reportable,2015-06-16,38795,64487,25692
Other Reportable,2015-06-09,34663,62829,28166
Other Reportable,2015-06-02,42730,67981,25251
Other Reportable,2015-05-26,38104,65234,27130
Other Reportable,2015-05-19,43579,68036,24457
Other Reportable,2015-05-12,46583,71597,25014
Other Reportable,2015-05-05,47420,71446,24026
Other Reportable,2015-04-28,49249,73104,23855
Other Reportable,2015-04-21,53788,76023,22235
Other Reportable,2015-04-14,51146,74058,22912
Other Reportable,2015-04-07,45580,69518,23938
Other Reportable,2015-03-31,42950,67642,24692
Other Reportable,2015-03-24,42603,68857,26254
Other Reportable,2015-03-17,34679,66055,31376
Other Reportable,2015-03-10,32304,65192,32888
Other Reportable,2015-03-03,40547,64761,24214
Other Reportable,2015-02-24,35337,60248,24911
Other Reportable,2015-02-17,36427,60729,24302
Other Reportable,2015-02-10,39019,61660,22641
Other Reportable,2015-02-03,41098,65486,24388
Other Reportable,2015-01-27,43544,72690,29146
Other Reportable,2015-01-20,42969,74954,31985
Other Reportable,2015-01-13,33823,63197,29374
Other Reportable,2015-01-06,31631,60014,28383
Other Reportable,2014-12-30,32752,58439,25687
Other Reportable,2014-12-23,32099,57283,25184
Other Reportable,2014-12-16,32636,57089,24453
Other Reportable,2014-12-09,31053,60070,29017
Other Reportable,2014-12-02,25254,55958,30704
Other Reportable,2014-11-25,25250,55221,29971
Other Reportable,2014-11-18,24569,58444,33875
Other Reportable,2014-11-11,16083,55291,39208
Other Reportable,2014-11-04,16166,53722,37556
Other Reportable,2014-10-28,34224,59813,25589
Other Reportable,2014-10-21,36006,62358,26352
Other Reportable,2014-10-14,35366,59928,24562
Other Reportable,2014-10-07,29693,54323,24630
Other Reportable,2014-09-30,29339,53201,23862
Other Reportable,2014-09-23,26490,52467,25977
Other Reportable,2014-09-16,26945,52266,25321
Other Reportable,2014-09-09,30908,55426,24518
Other Reportable,2014-09-02,31794,54172,22378
Other Reportable,2014-08-26,32897,54546,21649
Other Reportable,2014-08-19,35902,56472,20570
Other Reportable,2014-08-12,32251,54698,22447
Other Reportable,2014-08-05,29763,52031,22268
Other Reportable,2014-07-29,32681,55162,22481
Other Reportable,2014-07-22,30576,55421,24845
Other Reportable,2014-07-15,28201,54241,26040
Other Reportable,2014-07-08,25819,54125,28306
Other Reportable,2014-07-01,31375,58972,27597
Other Reportable,2014-06-24,31884,57305,25421
Other Reportable,2014-06-17,28082,50706,22624
Other Reportable,2014-06-10,24694,48859,24165
Other Reportable,2014-06-03,25831,49117,23286
Other Reportable,2014-05-27,24317,49798,25481
Other Reportable,2014-05-20,26724,50717,23993
Other Reportable,2014-05-13,24748,50395,25647
Other Reportable,2014-05-06,24251,49979,25728
Other Reportable,2014-04-29,22142,46705,24563
Other Reportable,2014-04-22,20087,45798,25711
Other Reportable,2014-04-15,23420,47944,24524
Other Reportable,2014-04-08,22395,45795,23400
Other Reportable,2014-04-01,20766,45094,24328
Other Reportable,2014-03-25,25489,47401,21912
Other Reportable,2014-03-18,33776,50946,17170
Other Reportable,2014-03-11,29260,49129,19869
Other Reportable,2014-03-04,29097,49192,20095
Other Reportable,2014-02-25,27404,48767,21363
Other Reportable,2014-02-18,28743,49671,20928
Other Reportable,2014-02-11,29698,47573,17875
Other Reportable,2014-02-04,28967,46031,17064
Other Reportable,2014-01-28,29604,47600,17996
Other Reportable,2014-01-21,28924,48430,19506
Other Reportable,2014-01-14,27687,48703,21016
Other Reportable,2014-01-07,26250,47335,21085
Other Reportable,2013-12-31,24211,45777,21566
Other Reportable,2013-12-24,25884,46502,20618
Other Reportable,2013-12-17,22003,44334,22331
Other Reportable,2013-12-10,23454,45009,21555
Other Reportable,2013-12-03,21762,44745,22983
Other Reportable,2013-11-26,20492,44419,23927
Other Reportable,2013-11-19,27549,47802,20253
Other Reportable,2013-11-12,29247,47553,18306
Other Reportable,2013-11-05,28569,47239,18670
Other Reportable,2013-10-29,27868,47480,19612
Other Reportable,2013-10-22,29089,47085,17996
Other Reportable,2013-10-15,21586,44639,23053
Other Reportable,2013-10-08,25376,45227,19851
Other Reportable,2013-10-01,24564,46475,21911
Other Reportable,2013-09-24,21295,44229,22934
Other Reportable,2013-09-17,23716,45451,21735
Other Reportable,2013-09-10,25736,45717,19981
Other Reportable,2013-09-03,26268,50144,23876
Other Reportable,2013-08-27,28315,50526,22211
Other Reportable,2013-08-20,29680,50297,20617
Other Reportable,2013-08-13,25679,46385,20706
Other Reportable,2013-08-06,24792,45694,20902
Other Reportable,2013-07-30,-13656,45596,59252
Other Reportable,2013-07-23,-12289,47857,60146
Other Reportable,2013-07-16,-14403,45900,60303
Other Reportable,2013-07-09,-7845,48023,55868
Other Reportable,2013-07-02,-3013,48456,51469
Other Reportable,2013-06-25,1672,49937,48265
Other Reportable,2013-06-18,4392,50248,45856
Other Reportable,2013-06-11,5448,51416,45968
Other Reportable,2013-06-04,7741,51699,43958
Other Reportable,2013-05-28,7107,49113,42006
Other Reportable,2013-05-21,26247,46035,19788
Other Reportable,2013-05-14,29727,49635,19908
Other Reportable,2013-05-07,29612,51932,22320
Other Reportable,2013-04-30,31128,53836,22708
Other Reportable,2013-04-23,37523,58702,21179
Other Reportable,2013-04-16,44498,63375,18877
Other Reportable,2013-04-09,56468,74659,18191
Other Reportable,2013-04-02,63296,78060,14764
Other Reportable,2013-03-26,67606,78685,11079
Other Reportable,2013-03-19,57804,72338,14534
Other Reportable,2013-03-12,59099,75807,16708
Other Reportable,2013-03-05,55381,74297,18916
Other Reportable,2013-02-26,59459,81085,21626
Other Reportable,2013-02-19,56061,81392,25331
Other Reportable,2013-02-12,58331,77035,18704
Other Reportable,2013-02-05,57570,75059,17489
Other Reportable,2013-01-29,48989,66242,17253
Other Reportable,2013-01-22,51688,67782,16094
Other Reportable,2013-01-15,51760,69263,17503
Other Reportable,2013-01-08,51538,70337,18799
Other Reportable,2012-12-31,47905,68627,20722
Other Reportable,2012-12-24,47225,64512,17287
Other Reportable,2012-12-18,47087,67062,19975
Other Reportable,2012-12-11,46182,64254,18072
Other Reportable,2012-12-04,46229,63039,16810
Other Reportable,2012-11-27,50153,66367,16214
Other Reportable,2012-11-20,53698,70931,17233
Other Reportable,2012-11-13,54841,70241,15400
Other Reportable,2012-11-06,53558,68378,14820
Other Reportable,2012-10-30,43541,59156,15615
Other Reportable,2012-10-23,42749,59918,17169
Other Reportable,2012-10-16,41689,60498,18809
Other Reportable,2012-10-09,46103,64902,18799
Other Reportable,2012-10-02,44293,62193,17900
Other Reportable,2012-09-25,44743,62103,17360
Other Reportable,2012-09-18,42841,63370,20529
Other Reportable,2012-09-11,38199,60000,21801
Other Reportable,2012-09-04,39949,61315,21366
Other Reportable,2012-08-28,35432,58650,23218
Other Reportable,2012-08-21,29502,52313,22811
Other Reportable,2012-08-14,36167,56263,20096
Other Reportable,2012-08-07,33500,55410,21910
Other Reportable,2012-07-31,32636,55436,22800
Other Reportable,2012-07-24,31664,50640,18976
Other Reportable,2012-07-17,27970,50930,22960
Other Reportable,2012-07-10,29808,51067,21259
Other Reportable,2012-07-03,28958,49239,20281
Other Reportable,2012-06-26,31595,51563,19968
Other Reportable,2012-06-19,33365,54117,20752
Other Reportable,2012-06-12,33238,51043,17805
Other Reportable,2012-06-05,30997,52204,21207
Other Reportable,2012-05-29,24141,43670,19529
Other Reportable,2012-05-22,29677,46575,16898
Other Reportable,2012-05-15,25205,43834,18629
Other Reportable,2012-05-08,28481,49410,20929
Other Reportable,2012-05-01,31314,49106,17792
Other Reportable,2012-04-24,31849,48527,16678
Other Reportable,2012-04-17,34558,49320,14762
Other Reportable,2012-04-10,34188,50368,16180
Other Reportable,2012-04-03,31414,49158,17744
Other Reportable,2012-03-27,29579,48554,18975
Other Reportable,2012-03-20,24875,45076,20201
Other Reportable,2012-03-13,24777,45313,20536
Other Reportable,2012-03-06,26026,43924,17898
Other Reportable,2012-02-28,23990,48292,24302
Other Reportable,2012-02-21,22505,45114,22609
Other Reportable,2012-02-14,20844,42855,22011
Other Reportable,2012-02-07,22519,43960,21441
Other Reportable,2012-01-31,28677,45995,17318
Other Reportable,2012-01-24,28090,44049,15959
Other Reportable,2012-01-17,29029,44198,15169
Other Reportable,2012-01-10,28937,43714,14777
Other Reportable,2012-01-03,25192,42384,17192
Other Reportable,2011-12-27,23987,41904,17917
Other Reportable,2011-12-20,23753,43588,19835
Other Reportable,2011-12-13,28051,44874,16823
Other Reportable,2011-12-06,31120,47173,16053
Other Reportable,2011-11-29,28030,44257,16227
Other Reportable,2011-11-22,29545,46572,17027
Other Reportable,2011-11-15,32166,47342,15176
Other Reportable,2011-11-08,33952,48963,15011
Other Reportable,2011-11-01,29776,43184,13408
Other Reportable,2011-10-25,29496,44665,15169
Other Reportable,2011-10-18,32296,46764,14468
Other Reportable,2011-10-11,36385,50588,14203
Other Reportable,2011-10-04,35065,51710,16645
Other Reportable,2011-09-27,29252,51451,22199
Other Reportable,2011-09-20,42710,61565,18855
Other Reportable,2011-09-13,38961,61732,22771
Other Reportable,2011-09-06,43660,64274,20614
Other Reportable,2011-08-30,37265,56302,19037
Other Reportable,2011-08-23,46674,66401,19727
Other Reportable,2011-08-16,39511,60677,21166
Other Reportable,2011-08-09,40608,63167,22559
Other Reportable,2011-08-02,35597,60750,25153
Other Reportable,2011-07-26,36233,62896,26663
Other Reportable,2011-07-19,24744,59465,34721
Other Reportable,2011-07-12,14009,53774,39765
Other Reportable,2011-07-05,9332,44191,34859
Other Reportable,2011-06-28,13201,45638,32437
Other Reportable,2011-06-21,12287,47521,35234
Other Reportable,2011-06-14,18032,47915,29883
Other Reportable,2011-06-07,15074,46307,31233
Other Reportable,2011-05-31,16191,49134,32943
Other Reportable,2011-05-24,15001,48129,33128
Other Reportable,2011-05-17,9595,44723,35128
Other Reportable,2011-05-10,14357,50912,36555
Other Reportable,2011-05-03,18249,55911,37662
Other Reportable,2011-04-26,17762,56854,39092
Other Reportable,2011-04-19,23133,59571,36438
Other Reportable,2011-04-12,17797,54163,36366
Other Reportable,2011-04-05,13891,49230,35339
Other Reportable,2011-03-29,14671,47544,32873
Other Reportable,2011-03-22,21332,52285,30953
Other Reportable,2011-03-15,21707,57221,35514
Other Reportable,2011-03-08,26852,62111,35259
Other Reportable,2011-03-01,29241,64564,35323
Other Reportable,2011-02-22,30510,66375,35865
Other Reportable,2011-02-15,39611,70800,31189
Other Reportable,2011-02-08,45435,72703,27268
Other Reportable,2011-02-01,45913,72727,26814
Other Reportable,2011-01-25,46165,74550,28385
Other Reportable,2011-01-18,54961,81894,26933
Other Reportable,2011-01-11,57650,77085,19435
Other Reportable,2011-01-04,66064,81822,15758
Other Reportable,2010-12-28,67694,81437,13743
Other Reportable,2010-12-21,68746,82260,13514
Other Reportable,2010-12-14,67666,80690,13024
Other Reportable,2010-12-07,67691,83182,15491
Other Reportable,2010-11-30,62083,81000,18917
Other Reportable,2010-11-23,59974,78391,18417
Other Reportable,2010-11-16,66285,84945,18660
Other Reportable,2010-11-09,66305,89226,22921
Other Reportable,2010-11-02,48836,71845,23009
Other Reportable,2010-10-26,53511,74637,21126
Other Reportable,2010-10-19,57855,81841,23986
Other Reportable,2010-10-12,52711,78301,25590
Other Reportable,2010-10-05,58188,83363,25175
Other Reportable,2010-09-28,48160,73513,25353
Other Reportable,2010-09-21,49159,72140,22981
Other Reportable,2010-09-14,44605,68446,23841
Other Reportable,2010-09-07,45735,67420,21685
Other Reportable,2010-08-31,44649,64743,20094
Other Reportable,2010-08-24,42984,61640,18656
Other Reportable,2010-08-17,44688,64147,19459
Other Reportable,2010-08-10,46842,60823,13981
Other Reportable,2010-08-03,43137,58794,15657
Other Reportable,2010-07-27,48350,64926,16576
Other Reportable,2010-07-20,46101,61673,15572
Other Reportable,2010-07-13,44895,60571,15676
Other Reportable,2010-07-06,42747,61869,19122
Other Reportable,2010-06-29,50361,67024,16663
Other Reportable,2010-06-22,46372,66123,19751
Other Reportable,2010-06-15,48267,67628,19361
Other Reportable,2010-06-08,45344,65767,20423
Other Reportable,2010-06-01,43780,63294,19514
Other Reportable,2010-05-25,42302,63070,20768
Other Reportable,2010-05-18,44347,62896,18549
Other Reportable,2010-05-11,49114,69609,20495
Other Reportable,2010-05-04,46851,66511,19660
Other Reportable,2010-04-27,40743,62381,21638
Other Reportable,2010-04-20,36826,54010,17184
Other Reportable,2010-04-13,46021,67960,21939
Other Reportable,2010-04-06,45469,67637,22168
Other Reportable,2010-03-30,37385,55920,18535
Other Reportable,2010-03-23,41453,60128,18675
Other Reportable,2010-03-16,44314,65261,20947
Other Reportable,2010-03-09,45918,65852,19934
Other Reportable,2010-03-02,43031,62600,19569
Other Reportable,2010-02-23,44141,64607,20466
Other Reportable,2010-02-16,34037,56321,22284
Other Reportable,2010-02-09,33022,57758,24736
Other Reportable,2010-02-02,41197,62566,21369
Other Reportable,2010-01-26,46774,67775,21001
Other Reportable,2010-01-19,45508,64543,19035
Other Reportable,2010-01-12,54015,71908,17893
Other Reportable,2010-01-05,47818,66744,18926
Other Reportable,2009-12-29,44386,64083,19697
Other Reportable,2009-12-22,47550,69232,21682
Other Reportable,2009-12-15,56654,76319,19665
Other Reportable,2009-12-08,52122,76714,24592
Other Reportable,2009-12-01,47483,73133,25650
Other Reportable,2009-11-24,44597,69693,25096
Other Reportable,2009-11-17,41096,66314,25218
Other Reportable,2009-11-09,41054,65970,24916
Other Reportable,2009-11-03,38864,60878,22014
Other Reportable,2009-10-27,45114,63583,18469
Other Reportable,2009-10-20,40217,60682,20465
Other Reportable,2009-10-13,41682,64197,22515
Other Reportable,2009-10-06,39103,60156,21053
Other Reportable,2009-09-29,40979,57577,16598
Other Reportable,2009-09-22,41292,59651,18359
Other Reportable,2009-09-15,41343,59292,17949
Other Reportable,2009-09-08,43518,60043,16525
Other Reportable,2009-09-01,36263,50585,14322
Other Reportable,2009-08-25,35171,49613,14442
Other Reportable,2009-08-18,36368,49319,12951
Other Reportable,2009-08-11,30987,44455,13468
Other Reportable,2009-08-04,26962,42452,15490
Other Reportable,2009-07-28,22979,41537,18558
Other Reportable,2009-07-21,22384,41299,18915
Other Reportable,2009-07-14,22623,41767,19144
Other Reportable,2009-07-07,22889,43631,20742
Other Reportable,2009-06-30,23542,43566,20024
Other Reportable,2009-06-23,23197,43152,19955
Other Reportable,2009-06-16,26085,46621,20536
Other Reportable,2009-06-09,29070,47701,18631
Other Reportable,2009-06-02,37868,54817,16949
Other Reportable,2009-05-26,35859,54267,18408
Other Reportable,2009-05-19,31134,47576,16442
Other Reportable,2009-05-12,20474,48637,28163
Other Reportable,2009-05-05,18221,43852,25631
Other Reportable,2009-04-28,23820,42034,18214
Other Reportable,2009-04-21,16764,37132,20368
Other Reportable,2009-04-14,22004,39015,17011
Other Reportable,2009-04-07,20781,37634,16853
Other Reportable,2009-03-31,31135,44910,13775
Other Reportable,2009-03-24,31883,44379,12496
Other Reportable,2009-03-17,26738,40955,14217
Other Reportable,2009-03-10,19028,41279,22251
Other Reportable,2009-03-03,29049,47847,18798
Other Reportable,2009-02-24,38881,59116,20235
Other Reportable,2009-02-17,49180,60116,10936
Other Reportable,2009-02-10,43602,53939,10337
Other Reportable,2009-02-03,39433,50733,11300
Other Reportable,2009-01-27,36959,46878,9919
Other Reportable,2009-01-20,33090,42972,9882
Other Reportable,2009-01-13,37459,45378,7919
Other Reportable,2009-01-06,37275,45794,8519
Other Reportable,2008-12-30,37368,45836,8468
Other Reportable,2008-12-22,34730,42354,7624
Other Reportable,2008-12-16,36773,42692,5919
Other Reportable,2008-12-09,23248,33595,10347
Other Reportable,2008-12-02,22394,35543,13149
Other Reportable,2008-11-25,24250,37373,13123
Other Reportable,2008-11-18,10581,30931,20350
Other Reportable,2008-11-11,10101,31765,21664
Other Reportable,2008-11-04,9512,30593,21081
Other Reportable,2008-10-28,19737,32509,12772
Other Reportable,2008-10-21,28025,33112,5087
Other Reportable,2008-10-14,27732,34249,6517
Other Reportable,2008-10-07,35017,39691,4674
Other Reportable,2008-09-30,33598,40378,6780
Other Reportable,2008-09-23,37275,47262,9987
Other Reportable,2008-09-16,27513,40290,12777
Other Reportable,2008-09-09,25576,35067,9491
Other Reportable,2008-09-02,28084,37443,9359
Other Reportable,2008-08-26,27926,39923,11997
Other Reportable,2008-08-19,28649,39252,10603
Other Reportable,2008-08-12,29839,41827,11988
Other Reportable,2008-08-05,29772,43004,13232
Other Reportable,2008-07-29,37772,50756,12984
Other Reportable,2008-07-22,40005,54391,14386
Other Reportable,2008-07-15,43387,58165,14778
Other Reportable,2008-07-08,32312,47167,14855
Other Reportable,2008-07-01,30455,46325,15870
Other Reportable,2008-06-24,30918,42592,11674
Other Reportable,2008-06-17,31641,40007,8366
Other Reportable,2008-06-10,32427,40547,8120
Other Reportable,2008-06-03,31932,39200,7268
Other Reportable,2008-05-27,39827,48411,8584
Other Reportable,2008-05-20,29866,41871,12005
Other Reportable,2008-05-13,29163,38806,9643
Other Reportable,2008-05-06,26814,35830,9016
Other Reportable,2008-04-29,26361,37200,10839
Other Reportable,2008-04-22,26528,40742,14214
Other Reportable,2008-04-15,30905,43030,12125
Other Reportable,2008-04-08,32118,42652,10534
Other Reportable,2008-04-01,29836,41615,11779
Other Reportable,2008-03-25,28818,43822,15004
Other Reportable,2008-03-18,30039,47581,17542
Other Reportable,2008-03-11,30668,48905,18237
Other Reportable,2008-03-04,27363,47994,20631
Other Reportable,2008-02-26,30390,52827,22437
Other Reportable,2008-02-19,30492,47579,17087
Other Reportable,2008-02-12,35952,48280,12328
Other Reportable,2008-02-05,32094,43747,11653
Other Reportable,2008-01-29,33294,45151,11857
Other Reportable,2008-01-22,29080,41037,11957
Other Reportable,2008-01-15,33627,44564,10937
Other Reportable,2008-01-08,31586,43055,11469
Other Reportable,2007-12-31,33409,44032,10623
Other Reportable,2007-12-24,35689,45373,9684
Other Reportable,2007-12-18,32015,42031,10016
Other Reportable,2007-12-11,30150,40416,10266
Other Reportable,2007-12-04,31785,41215,9430
Other Reportable,2007-11-27,31652,44149,12497
Other Reportable,2007-11-20,25015,35131,10116
Other Reportable,2007-11-13,28240,37814,9574
Other Reportable,2007-11-06,29645,38300,8655
Other Reportable,2007-10-30,28776,37772,8996
Other Reportable,2007-10-23,30152,39528,9376
Other Reportable,2007-10-16,34734,45041,10307
Other Reportable,2007-10-09,33703,43667,9964
Other Reportable,2007-10-02,34651,43990,9339
Other Reportable,2007-09-25,38645,48089,9444
Other Reportable,2007-09-18,28055,40760,12705
Other Reportable,2007-09-11,30530,45946,15416
Other Reportable,2007-09-04,25536,40962,15426
Other Reportable,2007-08-28,27671,36699,9028
Other Reportable,2007-08-21,25613,35112,9499
Other Reportable,2007-08-14,29840,40721,10881
Other Reportable,2007-08-07,26704,37917,11213
Other Reportable,2007-07-31,25759,36541,10782
Other Reportable,2007-07-24,29101,39545,10444
Other Reportable,2007-07-17,34944,41246,6302
Other Reportable,2007-07-10,34579,40564,5985
Other Reportable,2007-07-03,31975,39725,7750
Other Reportable,2007-06-26,38936,46816,7880
Other Reportable,2007-06-19,35984,44491,8507
Other Reportable,2007-06-12,35444,44274,8830
Other Reportable,2007-06-05,35712,42242,6530
Other Reportable,2007-05-29,33896,43179,9283
Other Reportable,2007-05-22,36411,47005,10594
Other Reportable,2007-05-15,33818,42289,8471
Other Reportable,2007-05-08,29939,39133,9194
Other Reportable,2007-05-01,32603,40660,8057
Other Reportable,2007-04-24,36673,43591,6918
Other Reportable,2007-04-17,34375,44557,10182
Other Reportable,2007-04-10,33245,42436,9191
Other Reportable,2007-04-03,29122,38242,9120
Other Reportable,2007-03-27,31181,37323,6142
Other Reportable,2007-03-20,31524,38492,6968
Other Reportable,2007-03-13,33500,40182,6682
Other Reportable,2007-03-06,37191,42914,5723
Other Reportable,2007-02-27,32522,41524,9002
Other Reportable,2007-02-20,39596,44786,5190
Other Reportable,2007-02-13,33025,43595,10570
Other Reportable,2007-02-06,31955,41638,9683
Other Reportable,2007-01-30,33179,42746,9567
Other Reportable,2007-01-23,30817,41420,10603
Other Reportable,2007-01-16,29488,38574,9086
Other Reportable,2007-01-09,27284,35992,8708
Other Reportable,2007-01-03,30584,39645,9061
Other Reportable,2006-12-26,29886,37763,7877
Other Reportable,2006-12-19,28644,36613,7969
Other Reportable,2006-12-12,30267,37573,7306
Other Reportable,2006-12-05,30382,37523,7141
Other Reportable,2006-11-28,33918,41021,7103
Other Reportable,2006-11-21,31792,37885,6093
Other Reportable,2006-11-14,33750,40068,6318
Other Reportable,2006-11-07,30054,36424,6370
Other Reportable,2006-10-31,35233,38742,3509
Other Reportable,2006-10-24,37791,42341,4550
Other Reportable,2006-10-17,31540,35555,4015
Other Reportable,2006-10-10,30743,35107,4364
Other Reportable,2006-10-03,29732,34112,4380
Other Reportable,2006-09-26,28332,32245,3913
Other Reportable,2006-09-19,27215,34606,7391
Other Reportable,2006-09-12,29091,35724,6633
Other Reportable,2006-09-05,32784,38744,5960
Other Reportable,2006-08-29,32130,37506,5376
Other Reportable,2006-08-22,29850,36185,6335
Other Reportable,2006-08-15,27208,33047,5839
Other Reportable,2006-08-08,26634,33123,6489
Other Reportable,2006-08-01,27437,32195,4758
Other Reportable,2006-07-25,23496,29740,6244
Other Reportable,2006-07-18,22318,31760,9442
Other Reportable,2006-07-11,21971,33165,11194
Other Reportable,2006-07-03,24197,32874,8677
Other Reportable,2006-06-27,19921,31307,11386
Other Reportable,2006-06-20,21805,32947,11142
Other Reportable,2006-06-13,22574,33230,10656
Non Reportable,2024-10-08,26793,58287,31494
Non Reportable,2024-10-01,27311,60321,33010
Non Reportable,2024-09-24,23587,61370,37783
Non Reportable,2024-09-17,25150,60413,35263
Non Reportable,2024-09-10,24231,56963,32732
Non Reportable,2024-09-03,25342,57589,32247
Non Reportable,2024-08-27,27518,61305,33787
Non Reportable,2024-08-20,24723,59967,35244
Non Reportable,2024-08-13,25728,57045,31317
Non Reportable,2024-08-06,31331,57795,26464
Non Reportable,2024-07-30,27009,56284,29275
Non Reportable,2024-07-23,28605,60938,32333
Non Reportable,2024-07-16,23606,63724,40118
Non Reportable,2024-07-09,26872,57902,31030
Non Reportable,2024-06-25,26537,55149,28612
Non Reportable,2024-06-18,25407,54092,28685
Non Reportable,2024-06-11,27828,57508,29680
Non Reportable,2024-06-04,29558,56923,27365
Non Reportable,2024-05-28,24714,58346,33632
Non Reportable,2024-05-21,29839,64793,34954
Non Reportable,2024-05-14,27654,60549,32895
Non Reportable,2024-05-07,27532,61878,34346
Non Reportable,2024-04-30,23315,58166,34851
Non Reportable,2024-04-23,23706,57344,33638
Non Reportable,2024-04-16,21059,60615,39556
Non Reportable,2024-04-09,20599,60049,39450
Non Reportable,2024-04-02,16440,56390,39950
Non Reportable,2024-03-26,18244,54155,35911
Non Reportable,2024-03-19,14433,56357,41924
Non Reportable,2024-03-12,14449,55158,40709
Non Reportable,2024-03-05,13374,51707,38333
Non Reportable,2024-02-27,16509,43602,27093
Non Reportable,2024-02-20,18521,46683,28162
Non Reportable,2024-02-13,23181,50522,27341
Non Reportable,2024-02-06,18727,47131,28404
Non Reportable,2024-01-30,22947,50461,27514
Non Reportable,2024-01-23,23285,51175,27890
Non Reportable,2024-01-16,28720,55368,26648
Non Reportable,2024-01-09,29987,56129,26142
Non Reportable,2024-01-02,28069,55023,26954
Non Reportable,2023-12-26,25210,54026,28816
Non Reportable,2023-12-19,26579,54409,27830
Non Reportable,2023-12-12,25927,52563,26636
Non Reportable,2023-12-05,24507,54175,29668
Non Reportable,2023-11-28,18352,51185,32833
Non Reportable,2023-11-21,17937,49132,31195
Non Reportable,2023-11-14,21482,50527,29045
Non Reportable,2023-11-07,20294,51031,30737
Non Reportable,2023-10-31,19130,51160,32030
Non Reportable,2023-10-24,16533,49719,33186
Non Reportable,2023-10-17,15944,47702,31758
Non Reportable,2023-10-10,21051,51872,30821
Non Reportable,2023-10-03,23757,53290,29533
Non Reportable,2023-09-26,20350,50808,30458
Non Reportable,2023-09-19,18720,49473,30753
Non Reportable,2023-09-12,21796,51655,29859
Non Reportable,2023-09-05,20936,50906,29970
Non Reportable,2023-08-29,17737,48855,31118
Non Reportable,2023-08-22,20518,52057,31539
Non Reportable,2023-08-15,22075,50232,28157
Non Reportable,2023-08-08,25607,50218,24611
Non Reportable,2023-08-01,22795,47996,25201
Non Reportable,2023-07-25,24308,51710,27402
Non Reportable,2023-07-18,19991,51243,31252
Non Reportable,2023-07-11,22249,51723,29474
Non Reportable,2023-07-03,21836,50276,28440
Non Reportable,2023-06-27,23998,52985,28987
Non Reportable,2023-06-20,24082,52304,28222
Non Reportable,2023-06-13,26359,53614,27255
Non Reportable,2023-06-06,22211,52130,29919
Non Reportable,2023-05-30,20966,48576,27610
Non Reportable,2023-05-23,26528,55031,28503
Non Reportable,2023-05-16,32291,60784,28493
Non Reportable,2023-05-09,26443,57903,31460
Non Reportable,2023-05-02,21885,53189,31304
Non Reportable,2023-04-25,26983,56424,29441
Non Reportable,2023-04-18,26583,56857,30274
Non Reportable,2023-04-11,23601,55001,31400
Non Reportable,2023-04-04,21991,54592,32601
Non Reportable,2023-03-28,19260,52081,32821
Non Reportable,2023-03-21,24481,53506,29025
Non Reportable,2023-03-14,14129,47379,33250
Non Reportable,2023-03-07,21776,48875,27099
Non Reportable,2023-02-28,19431,46512,27081
Non Reportable,2023-02-21,23218,49005,25787
Non Reportable,2023-02-14,24289,50348,26059
Non Reportable,2023-02-07,24662,52759,28097
Non Reportable,2023-01-31,20238,49336,29098
Non Reportable,2023-01-24,22155,53397,31242
Non Reportable,2023-01-17,22152,53572,31420
Non Reportable,2023-01-10,21439,50952,29513
Non Reportable,2023-01-03,18083,46738,28655
Non Reportable,2022-12-27,16722,43146,26424
Non Reportable,2022-12-20,13425,43594,30169
Non Reportable,2022-12-13,12709,42463,29754
Non Reportable,2022-12-06,15405,42412,27007
Non Reportable,2022-11-29,9531,38116,28585
Non Reportable,2022-11-22,14410,43687,29277
Non Reportable,2022-11-15,8102,42218,34116
Non Reportable,2022-11-08,9070,43173,34103
Non Reportable,2022-11-01,11013,42860,31847
Non Reportable,2022-10-25,13138,44543,31405
Non Reportable,2022-10-18,14008,44214,30206
Non Reportable,2022-10-11,9989,42003,32014
Non Reportable,2022-10-04,7937,41462,33525
Non Reportable,2022-09-27,11026,44889,33863
Non Reportable,2022-09-20,11388,46249,34861
Non Reportable,2022-09-13,14997,45490,30493
Non Reportable,2022-09-06,11405,43610,32205
Non Reportable,2022-08-30,12678,43057,30379
Non Reportable,2022-08-23,12550,42570,30020
Non Reportable,2022-08-16,13302,42491,29189
Non Reportable,2022-08-09,12043,42307,30264
Non Reportable,2022-08-02,11778,41782,30004
Non Reportable,2022-07-26,16237,47258,31021
Non Reportable,2022-07-19,18047,49210,31163
Non Reportable,2022-07-12,19738,58095,38357
Non Reportable,2022-07-05,20626,49381,28755
Non Reportable,2022-06-28,24835,49432,24597
Non Reportable,2022-06-21,24569,49078,24509
Non Reportable,2022-06-14,25478,51202,25724
Non Reportable,2022-06-07,25360,48136,22776
Non Reportable,2022-05-31,28219,50723,22504
Non Reportable,2022-05-24,28915,52585,23670
Non Reportable,2022-05-17,32460,56427,23967
Non Reportable,2022-05-10,35230,57974,22744
Non Reportable,2022-05-03,33126,56803,23677
Non Reportable,2022-04-26,31513,56186,24673
Non Reportable,2022-04-19,35623,60497,24874
Non Reportable,2022-04-12,32310,61131,28821
Non Reportable,2022-04-05,32885,56951,24066
Non Reportable,2022-03-29,28040,54423,26383
Non Reportable,2022-03-22,33488,59072,25584
Non Reportable,2022-03-15,35773,60541,24768
Non Reportable,2022-03-08,31558,63342,31784
Non Reportable,2022-03-01,27213,55904,28691
Non Reportable,2022-02-22,25667,54293,28626
Non Reportable,2022-02-15,24920,51219,26299
Non Reportable,2022-02-08,24688,49040,24352
Non Reportable,2022-02-01,29396,50917,21521
Non Reportable,2022-01-25,29549,55793,26244
Non Reportable,2022-01-18,27165,51417,24252
Non Reportable,2022-01-11,25644,52430,26786
Non Reportable,2022-01-04,26262,49140,22878
Non Reportable,2021-12-28,32616,54357,21741
Non Reportable,2021-12-21,30630,53254,22624
Non Reportable,2021-12-14,29562,53113,23551
Non Reportable,2021-12-07,28925,51517,22592
Non Reportable,2021-11-30,33581,56223,22642
Non Reportable,2021-11-23,34443,59756,25313
Non Reportable,2021-11-16,28022,57711,29689
Non Reportable,2021-11-09,25210,55198,29988
Non Reportable,2021-11-02,25708,50485,24777
Non Reportable,2021-10-26,26001,52087,26086
Non Reportable,2021-10-19,26749,50809,24060
Non Reportable,2021-10-12,22779,48346,25567
Non Reportable,2021-10-05,22297,48754,26457
Non Reportable,2021-09-28,23120,49595,26475
Non Reportable,2021-09-21,25806,51112,25306
Non Reportable,2021-09-14,27062,51643,24581
Non Reportable,2021-09-07,31238,54278,23040
Non Reportable,2021-08-31,25012,48350,23338
Non Reportable,2021-08-24,24662,49603,24941
Non Reportable,2021-08-17,23920,50438,26518
Non Reportable,2021-08-10,29536,54601,25065
Non Reportable,2021-08-03,34949,51591,16642
Non Reportable,2021-07-27,31486,53394,21908
Non Reportable,2021-07-20,34905,55962,21057
Non Reportable,2021-07-13,32887,57143,24256
Non Reportable,2021-07-06,34464,56896,22432
Non Reportable,2021-06-29,35503,58034,22531
Non Reportable,2021-06-22,39168,60789,21621
Non Reportable,2021-06-08,37387,59986,22599
Non Reportable,2021-06-01,36472,59922,23450
Non Reportable,2021-05-25,38409,66071,27662
Non Reportable,2021-05-18,37868,65069,27201
Non Reportable,2021-05-11,37643,62037,24394
Non Reportable,2021-05-04,33643,57188,23545
Non Reportable,2021-04-27,38395,59617,21222
Non Reportable,2021-04-20,33808,57134,23326
Non Reportable,2021-04-13,29662,53588,23926
Non Reportable,2021-04-06,26687,51580,24893
Non Reportable,2021-03-30,28173,54717,26544
Non Reportable,2021-03-23,29652,56185,26533
Non Reportable,2021-03-16,30603,56457,25854
Non Reportable,2021-03-09,34166,61057,26891
Non Reportable,2021-03-02,34512,60352,25840
Non Reportable,2021-02-23,37251,60808,23557
Non Reportable,2021-02-16,42413,65806,23393
Non Reportable,2021-02-09,42483,63797,21314
Non Reportable,2021-02-02,42739,65031,22292
Non Reportable,2021-01-26,42660,65380,22720
Non Reportable,2021-01-19,42529,66806,24277
Non Reportable,2021-01-12,45562,69405,23843
Non Reportable,2021-01-05,42638,67781,25143
Non Reportable,2020-12-29,39881,63778,23897
Non Reportable,2020-12-21,38477,64908,26431
Non Reportable,2020-12-15,36079,63022,26943
Non Reportable,2020-12-08,32413,61949,29536
Non Reportable,2020-12-01,34832,61784,26952
Non Reportable,2020-11-24,43282,71277,27995
Non Reportable,2020-11-17,44758,69721,24963
Non Reportable,2020-11-10,45404,70417,25013
Non Reportable,2020-11-03,47812,72971,25159
Non Reportable,2020-10-27,49474,76175,26701
Non Reportable,2020-10-20,46076,72334,26258
Non Reportable,2020-10-13,46165,75763,29598
Non Reportable,2020-10-06,41884,74036,32152
Non Reportable,2020-09-29,44556,72319,27763
Non Reportable,2020-09-22,49677,77532,27855
Non Reportable,2020-09-15,46648,76493,29845
Non Reportable,2020-09-08,46500,75427,28927
Non Reportable,2020-09-01,48845,77926,29081
Non Reportable,2020-08-25,48251,75821,27570
Non Reportable,2020-08-18,45804,76775,30971
Non Reportable,2020-08-11,46681,77894,31213
Non Reportable,2020-08-04,38403,75544,37141
Non Reportable,2020-07-28,42851,73497,30646
Non Reportable,2020-07-21,39103,75032,35929
Non Reportable,2020-07-14,41196,71632,30436
Non Reportable,2020-07-07,36896,70524,33628
Non Reportable,2020-06-30,36542,69394,32852
Non Reportable,2020-06-23,36585,69230,32645
Non Reportable,2020-06-16,35302,61700,26398
Non Reportable,2020-06-09,36198,61020,24822
Non Reportable,2020-06-02,38889,63960,25071
Non Reportable,2020-05-26,37610,64405,26795
Non Reportable,2020-05-19,39265,66594,27329
Non Reportable,2020-05-12,37355,64444,27089
Non Reportable,2020-05-05,33206,61103,27897
Non Reportable,2020-04-28,32205,60116,27911
Non Reportable,2020-04-21,31917,60521,28604
Non Reportable,2020-04-14,26558,60784,34226
Non Reportable,2020-04-07,28179,58178,29999
Non Reportable,2020-03-31,26708,53609,26901
Non Reportable,2020-03-24,23895,57672,33777
Non Reportable,2020-03-17,22608,61189,38581
Non Reportable,2020-03-10,29683,68974,39291
Non Reportable,2020-03-03,32345,71248,38903
Non Reportable,2020-02-25,40340,84253,43913
Non Reportable,2020-02-18,32861,72568,39707
Non Reportable,2020-02-11,30907,67136,36229
Non Reportable,2020-02-04,33381,67435,34054
Non Reportable,2020-01-28,31731,67222,35491
Non Reportable,2020-01-21,34579,73123,38544
Non Reportable,2020-01-14,30709,69546,38837
Non Reportable,2020-01-07,34034,68904,34870
Non Reportable,2019-12-31,40813,68735,27922
Non Reportable,2019-12-24,36970,66473,29503
Non Reportable,2019-12-17,34098,61793,27695
Non Reportable,2019-12-10,33488,62374,28886
Non Reportable,2019-12-03,34114,63579,29465
Non Reportable,2019-11-26,35210,64234,29024
Non Reportable,2019-11-19,36224,73604,37380
Non Reportable,2019-11-12,37433,75779,38346
Non Reportable,2019-11-05,39872,72431,32559
Non Reportable,2019-10-29,26462,71814,45352
Non Reportable,2019-10-22,37551,70978,33427
Non Reportable,2019-10-15,36711,70526,33815
Non Reportable,2019-10-08,36382,68685,32303
Non Reportable,2019-10-01,35928,67879,31951
Non Reportable,2019-09-24,34039,71172,37133
Non Reportable,2019-09-17,36417,68378,31961
Non Reportable,2019-09-10,37247,70968,33721
Non Reportable,2019-09-03,36913,74142,37229
Non Reportable,2019-08-27,37450,77998,40548
Non Reportable,2019-08-20,36463,71431,34968
Non Reportable,2019-08-13,34427,71493,37066
Non Reportable,2019-08-06,32058,69720,37662
Non Reportable,2019-07-30,34576,70362,35786
Non Reportable,2019-07-23,38590,81305,42715
Non Reportable,2019-07-16,33798,76286,42488
Non Reportable,2019-07-09,35653,74375,38722
Non Reportable,2019-07-02,29935,69843,39908
Non Reportable,2019-06-25,23945,67777,43832
Non Reportable,2019-06-18,20066,59159,39093
Non Reportable,2019-06-11,18465,54603,36138
Non Reportable,2019-06-04,17029,56637,39608
Non Reportable,2019-05-28,23198,57955,34757
Non Reportable,2019-05-21,21496,60075,38579
Non Reportable,2019-05-14,12554,60155,47601
Non Reportable,2019-05-07,22290,54349,32059
Non Reportable,2019-04-30,23533,54280,30747
Non Reportable,2019-04-23,21739,55707,33968
Non Reportable,2019-04-16,24698,60070,35372
Non Reportable,2019-04-09,29098,59858,30760
Non Reportable,2019-04-02,25182,55415,30233
Non Reportable,2019-03-26,33023,69217,36194
Non Reportable,2019-03-19,29779,60272,30493
Non Reportable,2019-03-12,31516,63716,32200
Non Reportable,2019-03-05,27153,58994,31841
Non Reportable,2019-02-26,25324,57640,32316
Non Reportable,2019-02-19,21744,56919,35175
Non Reportable,2019-02-12,22542,53947,31405
Non Reportable,2019-02-05,23320,55494,32174
Non Reportable,2019-01-29,19839,53669,33830
Non Reportable,2019-01-22,18776,59553,40777
Non Reportable,2019-01-15,20889,54151,33262
Non Reportable,2019-01-08,22481,53455,30974
Non Reportable,2018-12-31,21742,51949,30207
Non Reportable,2018-12-24,18242,50154,31912
Non Reportable,2018-12-18,18196,50287,32091
Non Reportable,2018-12-11,17819,50315,32496
Non Reportable,2018-12-04,10500,44397,33897
Non Reportable,2018-11-27,14073,49060,34987
Non Reportable,2018-11-20,15728,49513,33785
Non Reportable,2018-11-13,12897,52585,39688
Non Reportable,2018-11-06,21681,56063,34382
Non Reportable,2018-10-30,19951,54945,34994
Non Reportable,2018-10-23,19180,55483,36303
Non Reportable,2018-10-16,16041,54976,38935
Non Reportable,2018-10-09,14381,53979,39598
Non Reportable,2018-10-02,14177,55112,40935
Non Reportable,2018-09-25,12434,51524,39090
Non Reportable,2018-09-18,11104,49769,38665
Non Reportable,2018-09-11,9224,53844,44620
Non Reportable,2018-09-04,8834,55618,46784
Non Reportable,2018-08-28,15374,49321,33947
Non Reportable,2018-08-21,11255,50918,39663
Non Reportable,2018-08-14,13776,53951,40175
Non Reportable,2018-08-07,15229,54829,39600
Non Reportable,2018-07-31,14805,56082,41277
Non Reportable,2018-07-24,17489,59956,42467
Non Reportable,2018-07-17,18201,58647,40446
Non Reportable,2018-07-10,20819,59482,38663
Non Reportable,2018-07-03,16561,57381,40820
Non Reportable,2018-06-26,21439,55928,34489
Non Reportable,2018-06-19,19260,53453,34193
Non Reportable,2018-06-12,21822,53973,32151
Non Reportable,2018-06-05,24451,55800,31349
Non Reportable,2018-05-29,22840,56529,33689
Non Reportable,2018-05-22,26517,60960,34443
Non Reportable,2018-05-15,27825,69379,41554
Non Reportable,2018-05-08,29674,59779,30105
Non Reportable,2018-05-01,26983,58266,31283
Non Reportable,2018-04-24,25894,55670,29776
Non Reportable,2018-04-17,21838,52356,30518
Non Reportable,2018-04-10,21251,50598,29347
Non Reportable,2018-04-03,23108,48437,25329
Non Reportable,2018-03-27,23278,53575,30297
Non Reportable,2018-03-20,18994,51054,32060
Non Reportable,2018-03-13,21687,52756,31069
Non Reportable,2018-03-06,21894,51099,29205
Non Reportable,2018-02-27,21344,51729,30385
Non Reportable,2018-02-20,23739,56411,32672
Non Reportable,2018-02-13,19245,49799,30554
Non Reportable,2018-02-06,14584,47308,32724
Non Reportable,2018-01-30,17337,53381,36044
Non Reportable,2018-01-23,18557,55464,36907
Non Reportable,2018-01-16,19511,53420,33909
Non Reportable,2018-01-09,16059,50957,34898
Non Reportable,2018-01-02,13788,48461,34673
Non Reportable,2017-12-26,14051,44257,30206
Non Reportable,2017-12-19,14659,47704,33045
Non Reportable,2017-12-12,13021,48831,35810
Non Reportable,2017-12-05,17179,48780,31601
Non Reportable,2017-11-28,22277,50386,28109
Non Reportable,2017-11-21,23565,53429,29864
Non Reportable,2017-11-14,20835,51524,30689
Non Reportable,2017-11-07,19913,50697,30784
Non Reportable,2017-10-31,18047,49839,31792
Non Reportable,2017-10-24,20006,49705,29699
Non Reportable,2017-10-17,22431,52612,30181
Non Reportable,2017-10-10,24051,53430,29379
Non Reportable,2017-10-03,22070,52052,29982
Non Reportable,2017-09-26,17512,47419,29907
Non Reportable,2017-09-19,17691,51897,34206
Non Reportable,2017-09-12,17203,54229,37026
Non Reportable,2017-09-05,15641,56843,41202
Non Reportable,2017-08-29,16532,51744,35212
Non Reportable,2017-08-22,11132,46818,35686
Non Reportable,2017-08-15,8525,44294,35769
Non Reportable,2017-08-08,10773,44316,33543
Non Reportable,2017-08-01,13614,45980,32366
Non Reportable,2017-07-25,12561,47862,35301
Non Reportable,2017-07-18,14799,49666,34867
Non Reportable,2017-07-11,15272,51741,36469
Non Reportable,2017-07-03,14584,52991,38407
Non Reportable,2017-06-27,19712,51122,31410
Non Reportable,2017-06-20,15145,48181,33036
Non Reportable,2017-06-13,13650,44812,31162
Non Reportable,2017-06-06,11739,49266,37527
Non Reportable,2017-05-30,16617,48335,31718
Non Reportable,2017-05-23,15371,50193,34822
Non Reportable,2017-05-16,17910,50702,32792
Non Reportable,2017-05-09,15965,50953,34988
Non Reportable,2017-05-02,15326,49084,33758
Non Reportable,2017-04-25,15061,47681,32620
Non Reportable,2017-04-18,14982,52003,37021
Non Reportable,2017-04-11,15016,52595,37579
Non Reportable,2017-04-04,16032,47659,31627
Non Reportable,2017-03-28,16612,43727,27115
Non Reportable,2017-03-21,13044,48250,35206
Non Reportable,2017-03-14,19430,50176,30746
Non Reportable,2017-03-07,20504,49034,28530
Non Reportable,2017-02-28,16307,48669,32362
Non Reportable,2017-02-21,15656,44479,28823
Non Reportable,2017-02-14,18298,43991,25693
Non Reportable,2017-02-07,16875,45455,28580
Non Reportable,2017-01-31,13128,43001,29873
Non Reportable,2017-01-24,16444,48422,31978
Non Reportable,2017-01-17,15619,48739,33120
Non Reportable,2017-01-10,16625,48217,31592
Non Reportable,2017-01-03,22087,51582,29495
Non Reportable,2016-12-27,21506,47255,25749
Non Reportable,2016-12-20,21697,53377,31680
Non Reportable,2016-12-13,22906,51905,28999
Non Reportable,2016-12-06,20477,51011,30534
Non Reportable,2016-11-29,17281,49962,32681
Non Reportable,2016-11-22,27074,54013,26939
Non Reportable,2016-11-15,24579,55329,30750
Non Reportable,2016-11-08,29143,56015,26872
Non Reportable,2016-11-01,24490,56654,32164
Non Reportable,2016-10-25,22184,55021,32837
Non Reportable,2016-10-18,25364,56809,31445
Non Reportable,2016-10-11,27576,59782,32206
Non Reportable,2016-10-04,28047,60386,32339
Non Reportable,2016-09-27,23368,56570,33202
Non Reportable,2016-09-20,35604,65846,30242
Non Reportable,2016-09-13,27011,58387,31376
Non Reportable,2016-09-06,22413,58371,35958
Non Reportable,2016-08-30,26182,58230,32048
Non Reportable,2016-08-23,23362,56420,33058
Non Reportable,2016-08-16,27697,58736,31039
Non Reportable,2016-08-09,26977,57405,30428
Non Reportable,2016-08-02,30108,59618,29510
Non Reportable,2016-07-26,30217,54580,24363
Non Reportable,2016-07-19,29961,61056,31095
Non Reportable,2016-07-12,28095,57780,29685
Non Reportable,2016-07-05,24263,56352,32089
Non Reportable,2016-06-28,24289,53609,29320
Non Reportable,2016-06-21,18417,52703,34286
Non Reportable,2016-06-14,17013,50418,33405
Non Reportable,2016-06-07,15087,50986,35899
Non Reportable,2016-05-31,18125,51507,33382
Non Reportable,2016-05-24,19964,58139,38175
Non Reportable,2016-05-17,24240,57360,33120
Non Reportable,2016-05-10,20881,56194,35313
Non Reportable,2016-05-03,23564,55818,32254
Non Reportable,2016-04-26,20156,50007,29851
Non Reportable,2016-04-19,23047,54600,31553
Non Reportable,2016-04-12,18005,53739,35734
Non Reportable,2016-04-05,17065,51817,34752
Non Reportable,2016-03-29,18716,53440,34724
Non Reportable,2016-03-22,21257,56695,35438
Non Reportable,2016-03-15,16483,54850,38367
Non Reportable,2016-03-08,20685,59127,38442
Non Reportable,2016-03-01,19133,55973,36840
Non Reportable,2016-02-23,17934,55332,37398
Non Reportable,2016-02-16,14795,51618,36823
Non Reportable,2016-02-09,6246,47491,41245
Non Reportable,2016-02-02,4845,43100,38255
Non Reportable,2016-01-26,899,41354,40455
Non Reportable,2016-01-19,-3406,37282,40688
Non Reportable,2016-01-12,-988,41277,42265
Non Reportable,2016-01-05,-6767,37160,43927
Non Reportable,2015-12-29,-3250,39358,42608
Non Reportable,2015-12-22,-3603,38839,42442
Non Reportable,2015-12-15,-4544,38913,43457
Non Reportable,2015-12-08,-4953,38902,43855
Non Reportable,2015-12-01,-5991,38837,44828
Non Reportable,2015-11-24,-3660,41845,45505
Non Reportable,2015-11-17,-4498,44091,48589
Non Reportable,2015-11-10,4576,44640,40064
Non Reportable,2015-11-03,9730,43043,33313
Non Reportable,2015-10-27,8752,40804,32052
Non Reportable,2015-10-20,12152,47004,34852
Non Reportable,2015-10-13,1573,39343,37770
Non Reportable,2015-10-06,2214,37267,35053
Non Reportable,2015-09-29,-2986,35861,38847
Non Reportable,2015-09-22,-3680,35525,39205
Non Reportable,2015-09-15,-6047,36402,42449
Non Reportable,2015-09-08,-3092,37091,40183
Non Reportable,2015-09-01,-3332,36507,39839
Non Reportable,2015-08-25,-8343,36317,44660
Non Reportable,2015-08-18,-11351,36102,47453
Non Reportable,2015-08-11,-7579,39150,46729
Non Reportable,2015-08-04,-14398,36362,50760
Non Reportable,2015-07-28,-12463,32829,45292
Non Reportable,2015-07-21,-5943,40042,45985
Non Reportable,2015-07-14,1339,39854,38515
Non Reportable,2015-07-07,2461,41368,38907
Non Reportable,2015-06-30,8310,41056,32746
Non Reportable,2015-06-23,6412,39521,33109
Non Reportable,2015-06-16,1678,37229,35551
Non Reportable,2015-06-09,4102,38303,34201
Non Reportable,2015-06-02,4342,36024,31682
Non Reportable,2015-05-26,5469,39665,34196
Non Reportable,2015-05-19,10310,42573,32263
Non Reportable,2015-05-12,715,35423,34708
Non Reportable,2015-05-05,1854,36057,34203
Non Reportable,2015-04-28,5360,38263,32903
Non Reportable,2015-04-21,3682,39116,35434
Non Reportable,2015-04-14,5223,37626,32403
Non Reportable,2015-04-07,7440,38037,30597
Non Reportable,2015-03-31,1392,36149,34757
Non Reportable,2015-03-24,-482,39575,40057
Non Reportable,2015-03-17,4423,45615,41192
Non Reportable,2015-03-10,8478,45852,37374
Non Reportable,2015-03-03,8586,43998,35412
Non Reportable,2015-02-24,11625,40494,28869
Non Reportable,2015-02-17,13206,45542,32336
Non Reportable,2015-02-10,16705,46341,29636
Non Reportable,2015-02-03,18848,48794,29946
Non Reportable,2015-01-27,16874,46996,30122
Non Reportable,2015-01-20,13071,48078,35007
Non Reportable,2015-01-13,6302,42885,36583
Non Reportable,2015-01-06,-243,38641,38884
Non Reportable,2014-12-30,-3162,38014,41176
Non Reportable,2014-12-23,-6589,32989,39578
Non Reportable,2014-12-16,-3334,37537,40871
Non Reportable,2014-12-09,792,42122,41330
Non Reportable,2014-12-02,-32,38101,38133
Non Reportable,2014-11-25,-7265,37033,44298
Non Reportable,2014-11-18,-10451,38539,48990
Non Reportable,2014-11-11,-5544,40499,46043
Non Reportable,2014-11-04,-7357,38967,46324
Non Reportable,2014-10-28,-2449,34621,37070
Non Reportable,2014-10-21,-3868,37535,41403
Non Reportable,2014-10-14,-6463,38401,44864
Non Reportable,2014-10-07,-2511,39818,42329
Non Reportable,2014-09-30,-3214,40266,43480
Non Reportable,2014-09-23,1457,42578,41121
Non Reportable,2014-09-16,4852,45424,40572
Non Reportable,2014-09-09,3129,43184,40055
Non Reportable,2014-09-02,7470,44244,36774
Non Reportable,2014-08-26,10483,43695,33212
Non Reportable,2014-08-19,4630,44183,39553
Non Reportable,2014-08-12,12989,45364,32375
Non Reportable,2014-08-05,10387,41477,31090
Non Reportable,2014-07-29,9944,41079,31135
Non Reportable,2014-07-22,14573,46239,31666
Non Reportable,2014-07-15,15416,46395,30979
Non Reportable,2014-07-08,16377,48717,32340
Non Reportable,2014-07-01,14829,47786,32957
Non Reportable,2014-06-24,10406,46074,35668
Non Reportable,2014-06-17,11,38635,38624
Non Reportable,2014-06-10,2012,40248,38236
Non Reportable,2014-06-03,3042,40888,37846
Non Reportable,2014-05-27,5365,47709,42344
Non Reportable,2014-05-20,9768,42807,33039
Non Reportable,2014-05-13,10415,44842,34427
Non Reportable,2014-05-06,12249,43880,31631
Non Reportable,2014-04-29,11191,43109,31918
Non Reportable,2014-04-22,8689,43232,34543
Non Reportable,2014-04-15,7822,42752,34930
Non Reportable,2014-04-08,13114,43830,30716
Non Reportable,2014-04-01,14592,44975,30383
Non Reportable,2014-03-25,11039,44302,33263
Non Reportable,2014-03-18,8156,45104,36948
Non Reportable,2014-03-11,5846,44971,39125
Non Reportable,2014-03-04,5699,41663,35964
Non Reportable,2014-02-25,8509,43354,34845
Non Reportable,2014-02-18,6143,43845,37702
Non Reportable,2014-02-11,984,39656,38672
Non Reportable,2014-02-04,800,35600,34800
Non Reportable,2014-01-28,-1370,36841,38211
Non Reportable,2014-01-21,-1530,40423,41953
Non Reportable,2014-01-14,185,41052,40867
Non Reportable,2014-01-07,1775,41662,39887
Non Reportable,2013-12-31,593,41764,41171
Non Reportable,2013-12-24,-854,42004,42858
Non Reportable,2013-12-17,1603,42218,40615
Non Reportable,2013-12-10,2284,41911,39627
Non Reportable,2013-12-03,16,42534,42518
Non Reportable,2013-11-26,1942,42000,40058
Non Reportable,2013-11-19,5319,44539,39220
Non Reportable,2013-11-12,5405,46365,40960
Non Reportable,2013-11-05,3320,41322,38002
Non Reportable,2013-10-29,6550,42323,35773
Non Reportable,2013-10-22,5142,42624,37482
Non Reportable,2013-10-15,5474,43915,38441
Non Reportable,2013-10-08,9302,43422,34120
Non Reportable,2013-10-01,7352,43218,35866
Non Reportable,2013-09-24,7000,42754,35754
Non Reportable,2013-09-17,8068,45545,37477
Non Reportable,2013-09-10,12136,44376,32240
Non Reportable,2013-09-03,14319,49087,34768
Non Reportable,2013-08-27,9937,43920,33983
Non Reportable,2013-08-20,7387,43557,36170
Non Reportable,2013-08-13,7667,44086,36419
Non Reportable,2013-08-06,3320,41886,38566
Non Reportable,2013-07-30,-2117,39194,41311
Non Reportable,2013-07-23,278,45095,44817
Non Reportable,2013-07-16,2101,44867,42766
Non Reportable,2013-07-09,3656,44751,41095
Non Reportable,2013-07-02,3466,45434,41968
Non Reportable,2013-06-25,3144,43281,40137
Non Reportable,2013-06-18,1233,43757,42524
Non Reportable,2013-06-11,104,42344,42240
Non Reportable,2013-06-04,776,41962,41186
Non Reportable,2013-05-28,2760,50449,47689
Non Reportable,2013-05-21,5889,52320,46431
Non Reportable,2013-05-14,1210,49504,48294
Non Reportable,2013-05-07,-1687,46483,48170
Non Reportable,2013-04-30,-2058,45316,47374
Non Reportable,2013-04-23,2383,50204,47821
Non Reportable,2013-04-16,16573,57229,40656
Non Reportable,2013-04-09,24713,58933,34220
Non Reportable,2013-04-02,23187,57969,34782
Non Reportable,2013-03-26,26347,60187,33840
Non Reportable,2013-03-19,26093,64068,37975
Non Reportable,2013-03-12,28504,64816,36312
Non Reportable,2013-03-05,26776,64867,38091
Non Reportable,2013-02-26,20660,61774,41114
Non Reportable,2013-02-19,29655,69415,39760
Non Reportable,2013-02-12,34910,68429,33519
Non Reportable,2013-02-05,38052,67017,28965
Non Reportable,2013-01-29,41380,69450,28070
Non Reportable,2013-01-22,45302,73062,27760
Non Reportable,2013-01-15,41688,71336,29648
Non Reportable,2013-01-08,37504,67052,29548
Non Reportable,2012-12-31,42116,70653,28537
Non Reportable,2012-12-24,40748,69941,29193
Non Reportable,2012-12-18,47280,76470,29190
Non Reportable,2012-12-11,53640,78597,24957
Non Reportable,2012-12-04,54391,79710,25319
Non Reportable,2012-11-27,60390,85522,25132
Non Reportable,2012-11-20,57105,79585,22480
Non Reportable,2012-11-13,55471,81589,26118
Non Reportable,2012-11-06,49547,76967,27420
Non Reportable,2012-10-30,54788,80105,25317
Non Reportable,2012-10-23,54016,77928,23912
Non Reportable,2012-10-16,55346,79466,24120
Non Reportable,2012-10-09,57936,79699,21763
Non Reportable,2012-10-02,62687,85788,23101
Non Reportable,2012-09-25,58558,79018,20460
Non Reportable,2012-09-18,59501,86345,26844
Non Reportable,2012-09-11,56508,83920,27412
Non Reportable,2012-09-04,50778,79573,28795
Non Reportable,2012-08-28,49647,74017,24370
Non Reportable,2012-08-21,42444,71082,28638
Non Reportable,2012-08-14,32224,60772,28548
Non Reportable,2012-08-07,33354,61840,28486
Non Reportable,2012-07-31,31991,61289,29298
Non Reportable,2012-07-24,25821,60899,35078
Non Reportable,2012-07-17,31824,61931,30107
Non Reportable,2012-07-10,28457,60179,31722
Non Reportable,2012-07-03,31044,60473,29429
Non Reportable,2012-06-26,23779,55226,31447
Non Reportable,2012-06-19,28778,60555,31777
Non Reportable,2012-06-12,28259,61084,32825
Non Reportable,2012-06-05,28945,62913,33968
Non Reportable,2012-05-29,22573,56492,33919
Non Reportable,2012-05-22,23731,60600,36869
Non Reportable,2012-05-15,27128,59674,32546
Non Reportable,2012-05-08,30217,60545,30328
Non Reportable,2012-05-01,39473,64203,24730
Non Reportable,2012-04-24,34405,61388,26983
Non Reportable,2012-04-17,36344,62190,25846
Non Reportable,2012-04-10,36442,64486,28044
Non Reportable,2012-04-03,37632,62387,24755
Non Reportable,2012-03-27,37905,61231,23326
Non Reportable,2012-03-20,37614,65667,28053
Non Reportable,2012-03-13,43457,70089,26632
Non Reportable,2012-03-06,39267,66035,26768
Non Reportable,2012-02-28,54075,78786,24711
Non Reportable,2012-02-21,49470,74162,24692
Non Reportable,2012-02-14,43758,66266,22508
Non Reportable,2012-02-07,44925,69580,24655
Non Reportable,2012-01-31,39892,65180,25288
Non Reportable,2012-01-24,38263,67515,29252
Non Reportable,2012-01-17,37927,66269,28342
Non Reportable,2012-01-10,34972,64523,29551
Non Reportable,2012-01-03,31990,63263,31273
Non Reportable,2011-12-27,33660,61930,28270
Non Reportable,2011-12-20,32655,64892,32237
Non Reportable,2011-12-13,36975,69660,32685
Non Reportable,2011-12-06,43419,73109,29690
Non Reportable,2011-11-29,40080,70546,30466
Non Reportable,2011-11-22,33017,75662,42645
Non Reportable,2011-11-15,46409,80408,33999
Non Reportable,2011-11-08,44876,90095,45219
Non Reportable,2011-11-01,44297,74744,30447
Non Reportable,2011-10-25,40435,74008,33573
Non Reportable,2011-10-18,34182,67887,33705
Non Reportable,2011-10-11,35957,68423,32466
Non Reportable,2011-10-04,33891,65820,31929
Non Reportable,2011-09-27,40998,74401,33403
Non Reportable,2011-09-20,48755,84155,35400
Non Reportable,2011-09-13,42893,79447,36554
Non Reportable,2011-09-06,44249,85379,41130
Non Reportable,2011-08-30,41820,81189,39369
Non Reportable,2011-08-23,41671,85562,43891
Non Reportable,2011-08-16,48590,85166,36576
Non Reportable,2011-08-09,44554,86696,42142
Non Reportable,2011-08-02,41545,77874,36329
Non Reportable,2011-07-26,48444,85542,37098
Non Reportable,2011-07-19,44980,80183,35203
Non Reportable,2011-07-12,48078,80428,32350
Non Reportable,2011-07-05,46727,74364,27637
Non Reportable,2011-06-28,45300,76279,30979
Non Reportable,2011-06-21,49621,77896,28275
Non Reportable,2011-06-14,47576,73202,25626
Non Reportable,2011-06-07,50111,76825,26714
Non Reportable,2011-05-31,50199,76969,26770
Non Reportable,2011-05-24,46282,78587,32305
Non Reportable,2011-05-17,44641,75777,31136
Non Reportable,2011-05-10,46988,80260,33272
Non Reportable,2011-05-03,49109,84972,35863
Non Reportable,2011-04-26,49742,84752,35010
Non Reportable,2011-04-19,52795,87119,34324
Non Reportable,2011-04-12,54289,82009,27720
Non Reportable,2011-04-05,56332,86158,29826
Non Reportable,2011-03-29,50103,76623,26520
Non Reportable,2011-03-22,52308,81971,29663
Non Reportable,2011-03-15,48120,76958,28838
Non Reportable,2011-03-08,59377,87608,28231
Non Reportable,2011-03-01,55794,86472,30678
Non Reportable,2011-02-22,53541,85348,31807
Non Reportable,2011-02-15,47751,77382,29631
Non Reportable,2011-02-08,44695,75906,31211
Non Reportable,2011-02-01,43943,74080,30137
Non Reportable,2011-01-25,40651,77170,36519
Non Reportable,2011-01-18,44185,77717,33532
Non Reportable,2011-01-11,50306,79762,29456
Non Reportable,2011-01-04,54969,89704,34735
Non Reportable,2010-12-28,46516,82761,36245
Non Reportable,2010-12-21,47682,78384,30702
Non Reportable,2010-12-14,49720,83198,33478
Non Reportable,2010-12-07,47543,84845,37302
Non Reportable,2010-11-30,44471,79398,34927
Non Reportable,2010-11-23,43988,86381,42393
Non Reportable,2010-11-16,48500,88312,39812
Non Reportable,2010-11-09,46203,85622,39419
Non Reportable,2010-11-02,47803,80436,32633
Non Reportable,2010-10-26,44595,80616,36021
Non Reportable,2010-10-19,43587,80606,37019
Non Reportable,2010-10-12,43962,78836,34874
Non Reportable,2010-10-05,40033,79237,39204
Non Reportable,2010-09-28,45643,83711,38068
Non Reportable,2010-09-21,49880,82301,32421
Non Reportable,2010-09-14,49839,81938,32099
Non Reportable,2010-09-07,49279,81029,31750
Non Reportable,2010-08-31,47839,76796,28957
Non Reportable,2010-08-24,43505,72301,28796
Non Reportable,2010-08-17,45915,73358,27443
Non Reportable,2010-08-10,41237,68104,26867
Non Reportable,2010-08-03,37542,65260,27718
Non Reportable,2010-07-27,40301,72470,32169
Non Reportable,2010-07-20,39314,69862,30548
Non Reportable,2010-07-13,45287,74623,29336
Non Reportable,2010-07-06,42611,75022,32411
Non Reportable,2010-06-29,46885,79313,32428
Non Reportable,2010-06-22,52369,86197,33828
Non Reportable,2010-06-15,50468,78331,27863
Non Reportable,2010-06-08,47635,80689,33054
Non Reportable,2010-06-01,45274,76225,30951
Non Reportable,2010-05-25,42769,77539,34770
Non Reportable,2010-05-18,49529,84415,34886
Non Reportable,2010-05-11,48079,87797,39718
Non Reportable,2010-05-04,43978,76168,32190
Non Reportable,2010-04-27,42921,77874,34953
Non Reportable,2010-04-20,49703,74740,25037
Non Reportable,2010-04-13,44965,70661,25696
Non Reportable,2010-04-06,43996,67364,23368
Non Reportable,2010-03-30,36098,61647,25549
Non Reportable,2010-03-23,42494,74425,31931
Non Reportable,2010-03-16,44140,76254,32114
Non Reportable,2010-03-09,46036,77259,31223
Non Reportable,2010-03-02,45973,77351,31378
Non Reportable,2010-02-23,39592,76890,37298
Non Reportable,2010-02-16,32086,75387,43301
Non Reportable,2010-02-09,34453,71909,37456
Non Reportable,2010-02-02,35819,71222,35403
Non Reportable,2010-01-26,38825,81687,42862
Non Reportable,2010-01-19,54246,86276,32030
Non Reportable,2010-01-12,55588,86182,30594
Non Reportable,2010-01-05,53671,89355,35684
Non Reportable,2009-12-29,51506,82830,31324
Non Reportable,2009-12-22,51992,85796,33804
Non Reportable,2009-12-15,50509,87014,36505
Non Reportable,2009-12-08,46877,85613,38736
Non Reportable,2009-12-01,50529,91349,40820
Non Reportable,2009-11-24,45250,85951,40701
Non Reportable,2009-11-17,41007,95358,54351
Non Reportable,2009-11-09,46247,91583,45336
Non Reportable,2009-11-03,44166,69929,25763
Non Reportable,2009-10-27,44007,86385,42378
Non Reportable,2009-10-20,49990,86965,36975
Non Reportable,2009-10-13,43978,87337,43359
Non Reportable,2009-10-06,45092,93954,48862
Non Reportable,2009-09-29,45812,76933,31121
Non Reportable,2009-09-22,52417,86523,34106
Non Reportable,2009-09-15,51128,85890,34762
Non Reportable,2009-09-08,48225,77705,29480
Non Reportable,2009-09-01,34308,60666,26358
Non Reportable,2009-08-25,30572,56902,26330
Non Reportable,2009-08-18,29307,55270,25963
Non Reportable,2009-08-11,34721,59259,24538
Non Reportable,2009-08-04,36140,60061,23921
Non Reportable,2009-07-28,31651,54791,23140
Non Reportable,2009-07-21,32724,59392,26668
Non Reportable,2009-07-14,25646,52656,27010
Non Reportable,2009-07-07,29377,54963,25586
Non Reportable,2009-06-30,36094,61363,25269
Non Reportable,2009-06-23,30518,58079,27561
Non Reportable,2009-06-16,34162,58317,24155
Non Reportable,2009-06-09,37254,62142,24888
Non Reportable,2009-06-02,40556,64471,23915
Non Reportable,2009-05-26,32291,68519,36228
Non Reportable,2009-05-19,35637,62433,26796
Non Reportable,2009-05-12,34356,61507,27151
Non Reportable,2009-05-05,32346,62134,29788
Non Reportable,2009-04-28,26323,57407,31084
Non Reportable,2009-04-21,23611,53855,30244
Non Reportable,2009-04-14,26077,56080,30003
Non Reportable,2009-04-07,27884,56643,28759
Non Reportable,2009-03-31,29361,57988,28627
Non Reportable,2009-03-24,31602,58581,26979
Non Reportable,2009-03-17,27494,57801,30307
Non Reportable,2009-03-10,30463,61796,31333
Non Reportable,2009-03-03,31239,60888,29649
Non Reportable,2009-02-24,30342,62879,32537
Non Reportable,2009-02-17,31566,62541,30975
Non Reportable,2009-02-10,26749,54269,27520
Non Reportable,2009-02-03,24211,54730,30519
Non Reportable,2009-01-27,19482,55123,35641
Non Reportable,2009-01-20,16786,49373,32587
Non Reportable,2009-01-13,15566,45660,30094
Non Reportable,2009-01-06,17683,49075,31392
Non Reportable,2008-12-30,18534,46886,28352
Non Reportable,2008-12-22,14180,41566,27386
Non Reportable,2008-12-16,16302,45809,29507
Non Reportable,2008-12-09,12591,40037,27446
Non Reportable,2008-12-02,11065,40462,29397
Non Reportable,2008-11-25,12873,43122,30249
Non Reportable,2008-11-18,7998,44437,36439
Non Reportable,2008-11-11,7208,37509,30301
Non Reportable,2008-11-04,10004,39621,29617
Non Reportable,2008-10-28,9106,39462,30356
Non Reportable,2008-10-21,11340,45094,33754
Non Reportable,2008-10-14,21267,54261,32994
Non Reportable,2008-10-07,22461,53617,31156
Non Reportable,2008-09-30,25932,54842,28910
Non Reportable,2008-09-23,22917,54515,31598
Non Reportable,2008-09-16,15374,48944,33570
Non Reportable,2008-09-09,13859,48943,35084
Non Reportable,2008-09-02,17398,49880,32482
Non Reportable,2008-08-26,19738,48737,28999
Non Reportable,2008-08-19,21177,53762,32585
Non Reportable,2008-08-12,28559,56320,27761
Non Reportable,2008-08-05,38482,62893,24411
Non Reportable,2008-07-29,40601,59882,19281
Non Reportable,2008-07-22,45996,72140,26144
Non Reportable,2008-07-15,46906,79182,32276
Non Reportable,2008-07-08,42614,70270,27656
Non Reportable,2008-07-01,43161,70165,27004
Non Reportable,2008-06-24,36904,62182,25278
Non Reportable,2008-06-17,35799,56680,20881
Non Reportable,2008-06-10,34554,55229,20675
Non Reportable,2008-06-03,34676,55387,20711
Non Reportable,2008-05-27,30541,61104,30563
Non Reportable,2008-05-20,36727,62055,25328
Non Reportable,2008-05-13,27416,54991,27575
Non Reportable,2008-05-06,29561,55763,26202
Non Reportable,2008-04-29,27158,59586,32428
Non Reportable,2008-04-22,35231,55288,20057
Non Reportable,2008-04-15,36410,58895,22485
Non Reportable,2008-04-08,32239,54861,22622
Non Reportable,2008-04-01,34192,56972,22780
Non Reportable,2008-03-25,33894,70469,36575
Non Reportable,2008-03-18,49872,75548,25676
Non Reportable,2008-03-11,49500,73844,24344
Non Reportable,2008-03-04,47876,76533,28657
Non Reportable,2008-02-26,46066,75858,29792
Non Reportable,2008-02-19,43201,68701,25500
Non Reportable,2008-02-12,39585,64407,24822
Non Reportable,2008-02-05,40067,64759,24692
Non Reportable,2008-01-29,41555,74194,32639
Non Reportable,2008-01-22,39515,77823,38308
Non Reportable,2008-01-15,40552,70271,29719
Non Reportable,2008-01-08,44783,71111,26328
Non Reportable,2007-12-31,42447,66422,23975
Non Reportable,2007-12-24,40295,61323,21028
Non Reportable,2007-12-18,42597,64572,21975
Non Reportable,2007-12-11,42011,61763,19752
Non Reportable,2007-12-04,40733,61620,20887
Non Reportable,2007-11-27,33451,68136,34685
Non Reportable,2007-11-20,40112,65819,25707
Non Reportable,2007-11-13,37067,71066,33999
Non Reportable,2007-11-06,41781,74487,32706
Non Reportable,2007-10-30,40150,66208,26058
Non Reportable,2007-10-23,39617,65782,26165
Non Reportable,2007-10-16,39900,67731,27831
Non Reportable,2007-10-09,38749,61708,22959
Non Reportable,2007-10-02,38509,63783,25274
Non Reportable,2007-09-25,36679,67107,30428
Non Reportable,2007-09-18,36445,64705,28260
Non Reportable,2007-09-11,37409,62517,25108
Non Reportable,2007-09-04,31104,55157,24053
Non Reportable,2007-08-28,24707,46655,21948
Non Reportable,2007-08-21,26238,48806,22568
Non Reportable,2007-08-14,35283,53825,18542
Non Reportable,2007-08-07,34814,53123,18309
Non Reportable,2007-07-31,34677,53064,18387
Non Reportable,2007-07-24,41996,62857,20861
Non Reportable,2007-07-17,35804,60436,24632
Non Reportable,2007-07-10,34314,57515,23201
Non Reportable,2007-07-03,28297,50167,21870
Non Reportable,2007-06-26,23443,47929,24486
Non Reportable,2007-06-19,30900,51723,20823
Non Reportable,2007-06-12,25113,49523,24410
Non Reportable,2007-06-05,31702,51380,19678
Non Reportable,2007-05-29,26177,63347,37170
Non Reportable,2007-05-22,31709,62928,31219
Non Reportable,2007-05-15,37024,62742,25718
Non Reportable,2007-05-08,40150,65127,24977
Non Reportable,2007-05-01,39527,62337,22810
Non Reportable,2007-04-24,41954,67577,25623
Non Reportable,2007-04-17,42879,65256,22377
Non Reportable,2007-04-10,44211,64701,20490
Non Reportable,2007-04-03,39301,57921,18620
Non Reportable,2007-03-27,46884,67380,20496
Non Reportable,2007-03-20,40423,61780,21357
Non Reportable,2007-03-13,38166,60820,22654
Non Reportable,2007-03-06,39380,63632,24252
Non Reportable,2007-02-27,45645,63641,17996
Non Reportable,2007-02-20,41910,63463,21553
Non Reportable,2007-02-13,44984,63877,18893
Non Reportable,2007-02-06,41366,58267,16901
Non Reportable,2007-01-30,38386,55206,16820
Non Reportable,2007-01-23,37707,60805,23098
Non Reportable,2007-01-16,32314,53111,20797
Non Reportable,2007-01-09,31372,54821,23449
Non Reportable,2007-01-03,37955,59010,21055
Non Reportable,2006-12-26,38705,54732,16027
Non Reportable,2006-12-19,34912,54193,19281
Non Reportable,2006-12-12,37641,56513,18872
Non Reportable,2006-12-05,40093,62181,22088
Non Reportable,2006-11-28,41500,63889,22389
Non Reportable,2006-11-21,38426,62042,23616
Non Reportable,2006-11-14,38387,62331,23944
Non Reportable,2006-11-07,37372,61868,24496
Non Reportable,2006-10-31,30953,56441,25488
Non Reportable,2006-10-24,27620,49671,22051
Non Reportable,2006-10-17,25176,48185,23009
Non Reportable,2006-10-10,23266,49041,25775
Non Reportable,2006-10-03,25473,55910,30437
Non Reportable,2006-09-26,27488,55746,28258
Non Reportable,2006-09-19,27857,53985,26128
Non Reportable,2006-09-12,30067,54175,24108
Non Reportable,2006-09-05,37855,62650,24795
Non Reportable,2006-08-29,33521,53728,20207
Non Reportable,2006-08-22,36844,56402,19558
Non Reportable,2006-08-15,38946,64282,25336
Non Reportable,2006-08-08,40432,58312,17880
Non Reportable,2006-08-01,40445,60795,20350
Non Reportable,2006-07-25,42882,60148,17266
Non Reportable,2006-07-18,37368,62782,25414
Non Reportable,2006-07-11,34926,58611,23685
Non Reportable,2006-07-03,35184,55955,20771
Non Reportable,2006-06-27,34980,56572,21592
Non Reportable,2006-06-20,36357,53864,17507
Non Reportable,2006-06-13,38677,55961,17284
